 -0.9800000E+00  0.4708459E+00
 -0.9796200E+00  0.4680015E+00
 -0.9792400E+00  0.4651047E+00
 -0.9788600E+00  0.4621537E+00
 -0.9784800E+00  0.4591469E+00
 -0.9781000E+00  0.4560826E+00
 -0.9777200E+00  0.4529589E+00
 -0.9773400E+00  0.4497742E+00
 -0.9769600E+00  0.4465265E+00
 -0.9765800E+00  0.4432137E+00
 -0.9762000E+00  0.4398341E+00
 -0.9758200E+00  0.4363853E+00
 -0.9754400E+00  0.4328654E+00
 -0.9750600E+00  0.4292721E+00
 -0.9746800E+00  0.4256032E+00
 -0.9743000E+00  0.4218563E+00
 -0.9739200E+00  0.4180291E+00
 -0.9735400E+00  0.4141190E+00
 -0.9731600E+00  0.4101237E+00
 -0.9727800E+00  0.4060405E+00
 -0.9724000E+00  0.4018669E+00
 -0.9720200E+00  0.3976000E+00
 -0.9716400E+00  0.3932373E+00
 -0.9712600E+00  0.3887759E+00
 -0.9708800E+00  0.3842129E+00
 -0.9705000E+00  0.3795456E+00
 -0.9701200E+00  0.3747711E+00
 -0.9697400E+00  0.3698864E+00
 -0.9693600E+00  0.3648885E+00
 -0.9689800E+00  0.3597746E+00
 -0.9686000E+00  0.3545418E+00
 -0.9682200E+00  0.3491871E+00
 -0.9678400E+00  0.3437076E+00
 -0.9674600E+00  0.2464941E-01
 -0.9670800E+00  0.2406759E-01
 -0.9667000E+00  0.2348840E-01
 -0.9663200E+00  0.2291190E-01
 -0.9659400E+00  0.2233812E-01
 -0.9655600E+00  0.2176713E-01
 -0.9651800E+00  0.2119897E-01
 -0.9648000E+00  0.2063369E-01
 -0.9644200E+00  0.2007135E-01
 -0.9640400E+00  0.1951200E-01
 -0.9636600E+00  0.1895569E-01
 -0.9632800E+00  0.1840247E-01
 -0.9629000E+00  0.1634332E-01
 -0.9625200E+00  0.1586568E-01
 -0.9621400E+00  0.1539017E-01
 -0.9617600E+00  0.1491682E-01
 -0.9613800E+00  0.1444565E-01
 -0.9610000E+00  0.1397668E-01
 -0.9606200E+00  0.1350994E-01
 -0.9602400E+00  0.1304545E-01
 -0.9598600E+00  0.1258324E-01
 -0.9594800E+00  0.1212334E-01
 -0.9591000E+00  0.1166576E-01
 -0.9587200E+00  0.1121054E-01
 -0.9583400E+00  0.1075769E-01
 -0.9579600E+00  0.1030726E-01
 -0.9575800E+00  0.9859257E-02
 -0.9572000E+00  0.9413717E-02
 -0.9568200E+00  0.8970664E-02
 -0.9564400E+00  0.8530127E-02
 -0.9560600E+00  0.8092133E-02
 -0.9556800E+00  0.7656711E-02
 -0.9553000E+00  0.7223887E-02
 -0.9549200E+00  0.6793692E-02
 -0.9545400E+00  0.6366155E-02
 -0.9541600E+00  0.5941303E-02
 -0.9537800E+00  0.5519167E-02
 -0.9534000E+00  0.5099777E-02
 -0.9530200E+00  0.4683163E-02
 -0.9526400E+00  0.4269355E-02
 -0.9522600E+00  0.3858383E-02
 -0.9518800E+00  0.3450280E-02
 -0.9515000E+00  0.3045077E-02
 -0.9511200E+00  0.2642803E-02
 -0.9507400E+00  0.2243492E-02
 -0.9503600E+00  0.1834787E-02
 -0.9499800E+00  0.1446103E-02
 -0.9496000E+00  0.1059432E-02
 -0.9492200E+00  0.6747870E-03
 -0.9488400E+00  0.2921822E-03
 -0.9484600E+00 -0.8837061E-04
 -0.9480800E+00 -0.4668518E-03
 -0.9477000E+00 -0.8432548E-03
 -0.9473200E+00 -0.1217558E-02
 -0.9469400E+00 -0.1589752E-02
 -0.9465600E+00 -0.1959824E-02
 -0.9461800E+00 -0.2327755E-02
 -0.9458000E+00 -0.2693537E-02
 -0.9454200E+00 -0.3057148E-02
 -0.9450400E+00 -0.3418580E-02
 -0.9446600E+00 -0.3777814E-02
 -0.9442800E+00 -0.4134840E-02
 -0.9439000E+00 -0.4489637E-02
 -0.9435200E+00 -0.4842198E-02
 -0.9431400E+00 -0.5192500E-02
 -0.9427600E+00 -0.5540537E-02
 -0.9423800E+00 -0.5886286E-02
 -0.9420000E+00 -0.6229738E-02
 -0.9416200E+00 -0.6570873E-02
 -0.9412400E+00 -0.6909681E-02
 -0.9408600E+00 -0.7246142E-02
 -0.9404800E+00 -0.7580246E-02
 -0.9401000E+00 -0.7911972E-02
 -0.9397200E+00 -0.8241310E-02
 -0.9393400E+00 -0.8568240E-02
 -0.9389600E+00 -0.8892748E-02
 -0.9385800E+00 -0.9214823E-02
 -0.9382000E+00 -0.9534443E-02
 -0.9378200E+00 -0.9851598E-02
 -0.9374400E+00 -0.1016627E-01
 -0.9370600E+00 -0.1047844E-01
 -0.9366800E+00 -0.1078809E-01
 -0.9363000E+00 -0.1109522E-01
 -0.9359200E+00 -0.1139979E-01
 -0.9355400E+00 -0.1170181E-01
 -0.9351600E+00 -0.1200125E-01
 -0.9347800E+00 -0.1229809E-01
 -0.9344000E+00 -0.1259232E-01
 -0.9340200E+00 -0.1288393E-01
 -0.9336400E+00 -0.1317289E-01
 -0.9332600E+00 -0.1345919E-01
 -0.9328800E+00 -0.1374282E-01
 -0.9325000E+00 -0.1402375E-01
 -0.9321200E+00 -0.1430198E-01
 -0.9317400E+00 -0.1457748E-01
 -0.9313600E+00 -0.1485024E-01
 -0.9309800E+00 -0.1512024E-01
 -0.9306000E+00 -0.1538748E-01
 -0.9302200E+00 -0.1565191E-01
 -0.9298400E+00 -0.1591355E-01
 -0.9294600E+00 -0.1617235E-01
 -0.9290800E+00 -0.1642832E-01
 -0.9287000E+00 -0.1668143E-01
 -0.9283200E+00 -0.1683098E-01
 -0.9279400E+00 -0.1707179E-01
 -0.9275600E+00 -0.1730937E-01
 -0.9271800E+00 -0.1754371E-01
 -0.9268000E+00 -0.1777478E-01
 -0.9264200E+00 -0.1800254E-01
 -0.9260400E+00 -0.1822697E-01
 -0.9256600E+00 -0.1844805E-01
 -0.9252800E+00 -0.1866574E-01
 -0.9249000E+00 -0.1888001E-01
 -0.9245200E+00 -0.1909084E-01
 -0.9241400E+00 -0.1929820E-01
 -0.9237600E+00 -0.1950205E-01
 -0.9233800E+00 -0.1970237E-01
 -0.9230000E+00 -0.1989913E-01
 -0.9226200E+00 -0.2009231E-01
 -0.9222400E+00 -0.2028185E-01
 -0.9218600E+00 -0.2046775E-01
 -0.9214800E+00 -0.2064995E-01
 -0.9211000E+00 -0.2082845E-01
 -0.9207200E+00 -0.2100319E-01
 -0.9203400E+00 -0.2117416E-01
 -0.9199600E+00 -0.2134132E-01
 -0.9195800E+00 -0.2150463E-01
 -0.9192000E+00 -0.2166407E-01
 -0.9188200E+00 -0.2181959E-01
 -0.9184400E+00 -0.2197118E-01
 -0.9180600E+00 -0.2211879E-01
 -0.9176800E+00 -0.2226239E-01
 -0.9173000E+00 -0.2240194E-01
 -0.9169200E+00 -0.2253742E-01
 -0.9165400E+00 -0.2266878E-01
 -0.9161600E+00 -0.2279600E-01
 -0.9157800E+00 -0.2291904E-01
 -0.9154000E+00 -0.2303785E-01
 -0.9150200E+00 -0.2315241E-01
 -0.9146400E+00 -0.2326269E-01
 -0.9142600E+00 -0.2336863E-01
 -0.9138800E+00 -0.2347022E-01
 -0.9135000E+00 -0.2356740E-01
 -0.9131200E+00 -0.2366015E-01
 -0.9127400E+00 -0.2374842E-01
 -0.9123600E+00 -0.2383219E-01
 -0.9119800E+00 -0.2391140E-01
 -0.9116000E+00 -0.2398603E-01
 -0.9112200E+00 -0.2405603E-01
 -0.9108400E+00 -0.2412137E-01
 -0.9104600E+00 -0.2418200E-01
 -0.9100800E+00 -0.2423790E-01
 -0.9097000E+00 -0.2428901E-01
 -0.9093200E+00 -0.2433531E-01
 -0.9089400E+00 -0.2437674E-01
 -0.9085600E+00 -0.2441328E-01
 -0.9081800E+00 -0.2444488E-01
 -0.9078000E+00 -0.2447150E-01
 -0.9074200E+00 -0.2449310E-01
 -0.9070400E+00 -0.2450965E-01
 -0.9066600E+00 -0.2452109E-01
 -0.9062800E+00 -0.2452740E-01
 -0.9059000E+00 -0.2452853E-01
 -0.9055200E+00 -0.2452444E-01
 -0.9051400E+00 -0.2451509E-01
 -0.9047600E+00 -0.2450044E-01
 -0.9043800E+00 -0.2448044E-01
 -0.9040000E+00 -0.2445507E-01
 -0.9036200E+00 -0.2442427E-01
 -0.9032400E+00 -0.2438802E-01
 -0.9028600E+00 -0.2434626E-01
 -0.9024800E+00 -0.2429896E-01
 -0.9021000E+00 -0.2424608E-01
 -0.9017200E+00 -0.2418758E-01
 -0.9013400E+00 -0.2412341E-01
 -0.9009600E+00 -0.2405355E-01
 -0.9005800E+00 -0.2397796E-01
 -0.9002000E+00 -0.2389659E-01
 -0.8998200E+00 -0.2380940E-01
 -0.8994400E+00 -0.2371637E-01
 -0.8990600E+00 -0.2361746E-01
 -0.8986800E+00 -0.2351262E-01
 -0.8983000E+00 -0.2340182E-01
 -0.8979200E+00 -0.2328504E-01
 -0.8975400E+00 -0.2316223E-01
 -0.8971600E+00 -0.2303336E-01
 -0.8967800E+00 -0.2289841E-01
 -0.8964000E+00 -0.2275734E-01
 -0.8960200E+00 -0.2261012E-01
 -0.8956400E+00 -0.2245673E-01
 -0.8952600E+00 -0.2229713E-01
 -0.8948800E+00 -0.2213131E-01
 -0.8945000E+00 -0.2195924E-01
 -0.8941200E+00 -0.9975186E-03
 -0.8937400E+00 -0.6178546E-03
 -0.8933600E+00 -0.2378936E-03
 -0.8929800E+00  0.1421116E-03
 -0.8926000E+00  0.5218826E-03
 -0.8922200E+00  0.9011456E-03
 -0.8918400E+00  0.1279617E-02
 -0.8914600E+00  0.1657034E-02
 -0.8910800E+00  0.2033108E-02
 -0.8907000E+00  0.2407551E-02
 -0.8903200E+00  0.2780094E-02
 -0.8899400E+00  0.3150447E-02
 -0.8895600E+00  0.3518324E-02
 -0.8891800E+00  0.3883434E-02
 -0.8888000E+00  0.4245507E-02
 -0.8884200E+00  0.4604252E-02
 -0.8880400E+00  0.4959386E-02
 -0.8876600E+00  0.5310619E-02
 -0.8872800E+00  0.5657686E-02
 -0.8869000E+00  0.6000301E-02
 -0.8865200E+00  0.6338188E-02
 -0.8861400E+00  0.6671067E-02
 -0.8857600E+00  0.6998681E-02
 -0.8853800E+00  0.7320756E-02
 -0.8850000E+00  0.7637029E-02
 -0.8846200E+00  0.7947235E-02
 -0.8842400E+00  0.8251132E-02
 -0.8838600E+00  0.8548463E-02
 -0.8834800E+00  0.8838985E-02
 -0.8831000E+00  0.9122453E-02
 -0.8827200E+00  0.9398645E-02
 -0.8823400E+00  0.9667328E-02
 -0.8819600E+00  0.9928277E-02
 -0.8815800E+00  0.1018129E-01
 -0.8812000E+00  0.1042615E-01
 -0.8808200E+00  0.1066266E-01
 -0.8804400E+00  0.1089063E-01
 -0.8800600E+00  0.1110988E-01
 -0.8796800E+00  0.1132023E-01
 -0.8793000E+00  0.1152152E-01
 -0.8789200E+00  0.1171357E-01
 -0.8785400E+00  0.1189625E-01
 -0.8781600E+00  0.1206942E-01
 -0.8777800E+00  0.1223293E-01
 -0.8774000E+00  0.1238667E-01
 -0.8770200E+00  0.1253052E-01
 -0.8766400E+00  0.1266438E-01
 -0.8762600E+00  0.1278816E-01
 -0.8758800E+00  0.1290176E-01
 -0.8755000E+00  0.1300511E-01
 -0.8751200E+00  0.1309815E-01
 -0.8747400E+00  0.1318082E-01
 -0.8743600E+00  0.1325306E-01
 -0.8739800E+00  0.1331485E-01
 -0.8736000E+00  0.1336615E-01
 -0.8732200E+00  0.1340695E-01
 -0.8728400E+00  0.1343723E-01
 -0.8724600E+00  0.1345700E-01
 -0.8720800E+00  0.1346626E-01
 -0.8717000E+00  0.1346503E-01
 -0.8713200E+00  0.1345334E-01
 -0.8709400E+00  0.1343123E-01
 -0.8705600E+00  0.1339873E-01
 -0.8701800E+00  0.1335591E-01
 -0.8698000E+00  0.1330281E-01
 -0.8694200E+00  0.1323952E-01
 -0.8690400E+00  0.1316610E-01
 -0.8686600E+00  0.1308265E-01
 -0.8682800E+00  0.1298925E-01
 -0.8679000E+00  0.1288600E-01
 -0.8675200E+00  0.1277302E-01
 -0.8671400E+00  0.1265040E-01
 -0.8667600E+00  0.1251828E-01
 -0.8663800E+00  0.1237677E-01
 -0.8660000E+00  0.1222601E-01
 -0.8656200E+00  0.1206613E-01
 -0.8652400E+00  0.1189728E-01
 -0.8648600E+00  0.1171961E-01
 -0.8644800E+00  0.1153326E-01
 -0.8641000E+00  0.1133840E-01
 -0.8637200E+00  0.1113517E-01
 -0.8633400E+00  0.1092376E-01
 -0.8629600E+00  0.1070434E-01
 -0.8625800E+00  0.1047706E-01
 -0.8622000E+00  0.1024211E-01
 -0.8618200E+00  0.9999667E-02
 -0.8614400E+00  0.9749918E-02
 -0.8610600E+00  0.9493038E-02
 -0.8606800E+00  0.9229218E-02
 -0.8603000E+00  0.8958645E-02
 -0.8599200E+00  0.8681517E-02
 -0.8595400E+00  0.8398014E-02
 -0.8591600E+00  0.8108334E-02
 -0.8587800E+00  0.7812672E-02
 -0.8584000E+00  0.7511229E-02
 -0.8580200E+00  0.7204188E-02
 -0.8576400E+00  0.6891751E-02
 -0.8572600E+00  0.6574122E-02
 -0.8568800E+00  0.6251484E-02
 -0.8565000E+00  0.5924039E-02
 -0.8561200E+00  0.5591984E-02
 -0.8557400E+00  0.5255521E-02
 -0.8553600E+00  0.4914831E-02
 -0.8549800E+00  0.4570122E-02
 -0.8546000E+00  0.4221567E-02
 -0.8542200E+00  0.3869384E-02
 -0.8538400E+00  0.3513738E-02
 -0.8534600E+00  0.3154845E-02
 -0.8530800E+00  0.2792879E-02
 -0.8527000E+00  0.2428013E-02
 -0.8523200E+00  0.2060459E-02
 -0.8519400E+00  0.1690387E-02
 -0.8515600E+00  0.1317962E-02
 -0.8511800E+00  0.9433932E-03
 -0.8508000E+00  0.5668275E-03
 -0.8504200E+00  0.1884693E-03
 -0.8500400E+00 -0.1915235E-03
 -0.8496600E+00 -0.5729958E-03
 -0.8492800E+00 -0.9557498E-03
 -0.8489000E+00 -0.1339635E-02
 -0.8485200E+00 -0.1724503E-02
 -0.8481400E+00 -0.2110164E-02
 -0.8477600E+00 -0.2496474E-02
 -0.8473800E+00 -0.2883294E-02
 -0.8470000E+00 -0.3270440E-02
 -0.8466200E+00 -0.3657792E-02
 -0.8462400E+00 -0.4045172E-02
 -0.8458600E+00 -0.4432451E-02
 -0.8454800E+00 -0.4819502E-02
 -0.8451000E+00 -0.5052355E-02
 -0.8447200E+00 -0.5417224E-02
 -0.8443400E+00 -0.5780403E-02
 -0.8439600E+00 -0.6141784E-02
 -0.8435800E+00 -0.6501319E-02
 -0.8432000E+00 -0.6858900E-02
 -0.8428200E+00 -0.7214466E-02
 -0.8424400E+00 -0.7567953E-02
 -0.8420600E+00 -0.7919259E-02
 -0.8416800E+00 -0.8268322E-02
 -0.8413000E+00 -0.8615082E-02
 -0.8409200E+00 -0.8959437E-02
 -0.8405400E+00 -0.9301327E-02
 -0.8401600E+00 -0.9640694E-02
 -0.8397800E+00 -0.9977438E-02
 -0.8394000E+00 -0.1031151E-01
 -0.8390200E+00 -0.1064282E-01
 -0.8386400E+00 -0.1097131E-01
 -0.8382600E+00 -0.1129692E-01
 -0.8378800E+00 -0.1161955E-01
 -0.8375000E+00 -0.1193914E-01
 -0.8371200E+00 -0.1225565E-01
 -0.8367400E+00 -0.1256897E-01
 -0.8363600E+00 -0.1287907E-01
 -0.8359800E+00 -0.1318584E-01
 -0.8356000E+00 -0.1348924E-01
 -0.8352200E+00 -0.1378921E-01
 -0.8348400E+00 -0.1408566E-01
 -0.8344600E+00 -0.1437852E-01
 -0.8340800E+00 -0.1466776E-01
 -0.8337000E+00 -0.1495327E-01
 -0.8333200E+00 -0.1523500E-01
 -0.8329400E+00 -0.1551291E-01
 -0.8325600E+00 -0.1578689E-01
 -0.8321800E+00 -0.1605691E-01
 -0.8318000E+00 -0.1632288E-01
 -0.8314200E+00 -0.1658474E-01
 -0.8310400E+00 -0.1684244E-01
 -0.8306600E+00 -0.1709589E-01
 -0.8302800E+00 -0.1734505E-01
 -0.8299000E+00 -0.1758984E-01
 -0.8295200E+00 -0.1783020E-01
 -0.8291400E+00 -0.1806607E-01
 -0.8287600E+00 -0.1829737E-01
 -0.8283800E+00 -0.1852405E-01
 -0.8280000E+00 -0.1874605E-01
 -0.8276200E+00 -0.1896329E-01
 -0.8272400E+00 -0.1917571E-01
 -0.8268600E+00 -0.1938326E-01
 -0.8264800E+00 -0.1958585E-01
 -0.8261000E+00 -0.1978344E-01
 -0.8257200E+00 -0.1997595E-01
 -0.8253400E+00 -0.2016333E-01
 -0.8249600E+00 -0.2034551E-01
 -0.8245800E+00 -0.2052242E-01
 -0.8242000E+00 -0.2069400E-01
 -0.8238200E+00 -0.2086020E-01
 -0.8234400E+00 -0.2102093E-01
 -0.8230600E+00 -0.2117615E-01
 -0.8226800E+00 -0.2132579E-01
 -0.8223000E+00 -0.2146978E-01
 -0.8219200E+00 -0.2160807E-01
 -0.8215400E+00 -0.2174058E-01
 -0.8211600E+00 -0.2186725E-01
 -0.8207800E+00 -0.2198804E-01
 -0.8204000E+00 -0.2210287E-01
 -0.8200200E+00 -0.2221167E-01
 -0.8196400E+00 -0.2231440E-01
 -0.8192600E+00 -0.2241097E-01
 -0.8188800E+00 -0.2250135E-01
 -0.8185000E+00 -0.2258546E-01
 -0.8181200E+00 -0.2266324E-01
 -0.8177400E+00 -0.2273464E-01
 -0.8173600E+00 -0.2279959E-01
 -0.8169800E+00 -0.2285804E-01
 -0.8166000E+00 -0.2290992E-01
 -0.8162200E+00 -0.2295518E-01
 -0.8158400E+00 -0.2299376E-01
 -0.8154600E+00 -0.2302561E-01
 -0.8150800E+00 -0.2305066E-01
 -0.8147000E+00 -0.2306886E-01
 -0.8143200E+00 -0.2308017E-01
 -0.8139400E+00 -0.2308451E-01
 -0.8135600E+00 -0.2308185E-01
 -0.8131800E+00 -0.2307213E-01
 -0.8128000E+00 -0.2305530E-01
 -0.8124200E+00 -0.2303131E-01
 -0.8120400E+00 -0.2300012E-01
 -0.8116600E+00 -0.2296167E-01
 -0.8112800E+00 -0.2291592E-01
 -0.8109000E+00 -0.2286283E-01
 -0.8105200E+00 -0.2280235E-01
 -0.8101400E+00 -0.2273445E-01
 -0.8097600E+00 -0.2265909E-01
 -0.8093800E+00 -0.2257622E-01
 -0.8090000E+00 -0.2248583E-01
 -0.8086200E+00 -0.2238787E-01
 -0.8082400E+00 -0.2228231E-01
 -0.8078600E+00 -0.2216914E-01
 -0.8074800E+00 -0.2204831E-01
 -0.8071000E+00 -0.2191983E-01
 -0.8067200E+00 -0.2178365E-01
 -0.8063400E+00 -0.2163977E-01
 -0.8059600E+00 -0.2148818E-01
 -0.8055800E+00 -0.2132887E-01
 -0.8052000E+00 -0.2116182E-01
 -0.8048200E+00 -0.2098705E-01
 -0.8044400E+00 -0.2080454E-01
 -0.8040600E+00 -0.2061431E-01
 -0.8036800E+00 -0.2041638E-01
 -0.8033000E+00 -0.2021074E-01
 -0.8029200E+00 -0.1999743E-01
 -0.8025400E+00 -0.1977647E-01
 -0.8021600E+00 -0.1954788E-01
 -0.8017800E+00 -0.1931172E-01
 -0.8014000E+00 -0.1906800E-01
 -0.8010200E+00 -0.1881678E-01
 -0.8006400E+00 -0.1855812E-01
 -0.8002600E+00 -0.1829206E-01
 -0.7998800E+00 -0.1801869E-01
 -0.7995000E+00 -0.1773806E-01
 -0.7991200E+00 -0.1745025E-01
 -0.7987400E+00 -0.1715536E-01
 -0.7983600E+00 -0.1685348E-01
 -0.7979800E+00 -0.1654469E-01
 -0.7976000E+00 -0.1622913E-01
 -0.7972200E+00 -0.1590689E-01
 -0.7968400E+00 -0.1557812E-01
 -0.7964600E+00 -0.1524293E-01
 -0.7960800E+00 -0.1490146E-01
 -0.7957000E+00 -0.1455389E-01
 -0.7953200E+00 -0.1420036E-01
 -0.7949400E+00 -0.1384103E-01
 -0.7945600E+00 -0.1347610E-01
 -0.7941800E+00 -0.1310574E-01
 -0.7938000E+00 -0.1273016E-01
 -0.7934200E+00 -0.1234958E-01
 -0.7930400E+00 -0.1196418E-01
 -0.7926600E+00 -0.1157423E-01
 -0.7922800E+00 -0.1117996E-01
 -0.7919000E+00 -0.1078159E-01
 -0.7915200E+00 -0.1037943E-01
 -0.7911400E+00 -0.9973713E-02
 -0.7907600E+00 -0.9564720E-02
 -0.7903800E+00 -0.9152771E-02
 -0.7900000E+00 -0.8738138E-02
 -0.7896200E+00 -0.8321166E-02
 -0.7892400E+00 -0.7902162E-02
 -0.7888600E+00 -0.7481445E-02
 -0.7884800E+00 -0.7059393E-02
 -0.7881000E+00 -0.6636342E-02
 -0.7877200E+00 -0.6212641E-02
 -0.7873400E+00 -0.5788697E-02
 -0.7869600E+00 -0.5364860E-02
 -0.7865800E+00 -0.4941555E-02
 -0.7862000E+00 -0.4519166E-02
 -0.7858200E+00 -0.4098085E-02
 -0.7854400E+00 -0.3678762E-02
 -0.7850600E+00 -0.3261604E-02
 -0.7846800E+00 -0.2847025E-02
 -0.7843000E+00 -0.2435494E-02
 -0.7839200E+00 -0.2027437E-02
 -0.7835400E+00 -0.1623284E-02
 -0.7831600E+00 -0.1223518E-02
 -0.7827800E+00 -0.8285623E-03
 -0.7824000E+00 -0.4389035E-03
 -0.7820200E+00 -0.5498498E-04
 -0.7816400E+00  0.3227487E-03
 -0.7812600E+00  0.6938085E-03
 -0.7808800E+00  0.1057751E-02
 -0.7805000E+00  0.1414133E-02
 -0.7801200E+00  0.1762474E-02
 -0.7797400E+00  0.2102351E-02
 -0.7793600E+00  0.2433292E-02
 -0.7789800E+00  0.2754872E-02
 -0.7786000E+00  0.3066671E-02
 -0.7782200E+00  0.3368240E-02
 -0.7778400E+00  0.1416706E-01
 -0.7774600E+00  0.1406688E-01
 -0.7770800E+00  0.1395743E-01
 -0.7767000E+00  0.1383878E-01
 -0.7763200E+00  0.1371107E-01
 -0.7759400E+00  0.1357440E-01
 -0.7755600E+00  0.1342890E-01
 -0.7751800E+00  0.1327470E-01
 -0.7748000E+00  0.1311193E-01
 -0.7744200E+00  0.1294071E-01
 -0.7740400E+00  0.1276120E-01
 -0.7736600E+00  0.1257354E-01
 -0.7732800E+00  0.1237785E-01
 -0.7729000E+00  0.1217431E-01
 -0.7725200E+00  0.1196305E-01
 -0.7721400E+00  0.1174425E-01
 -0.7717600E+00  0.1151805E-01
 -0.7713800E+00  0.1128460E-01
 -0.7710000E+00  0.1104408E-01
 -0.7706200E+00  0.1079665E-01
 -0.7702400E+00  0.1054247E-01
 -0.7698600E+00  0.1028171E-01
 -0.7694800E+00  0.1001453E-01
 -0.7691000E+00  0.9741121E-02
 -0.7687200E+00  0.9461641E-02
 -0.7683400E+00  0.9176251E-02
 -0.7679600E+00  0.8885147E-02
 -0.7675800E+00  0.8588490E-02
 -0.7672000E+00  0.8286443E-02
 -0.7668200E+00  0.7979202E-02
 -0.7664400E+00  0.7666932E-02
 -0.7660600E+00  0.7349793E-02
 -0.7656800E+00  0.7027985E-02
 -0.7653000E+00  0.6701656E-02
 -0.7649200E+00  0.6371007E-02
 -0.7645400E+00  0.6036198E-02
 -0.7641600E+00  0.5697389E-02
 -0.7637800E+00  0.5354778E-02
 -0.7634000E+00  0.5008525E-02
 -0.7630200E+00  0.4658786E-02
 -0.7626400E+00  0.4305759E-02
 -0.7622600E+00  0.3949585E-02
 -0.7618800E+00  0.3590461E-02
 -0.7615000E+00  0.3228540E-02
 -0.7611200E+00  0.2863973E-02
 -0.7607400E+00  0.2496953E-02
 -0.7603600E+00  0.2127631E-02
 -0.7599800E+00  0.1756154E-02
 -0.7596000E+00  0.1382711E-02
 -0.7592200E+00  0.1007448E-02
 -0.7588400E+00  0.6305075E-03
 -0.7584600E+00  0.2520766E-03
 -0.7580800E+00 -0.1277195E-03
 -0.7577000E+00 -0.5086975E-03
 -0.7573200E+00 -0.8907200E-03
 -0.7569400E+00 -0.1273652E-02
 -0.7565600E+00 -0.1657313E-02
 -0.7561800E+00 -0.2041572E-02
 -0.7558000E+00 -0.2426298E-02
 -0.7554200E+00 -0.2811317E-02
 -0.7550400E+00 -0.3196515E-02
 -0.7546600E+00 -0.3581723E-02
 -0.7542800E+00 -0.3966815E-02
 -0.7539000E+00 -0.4351668E-02
 -0.7535200E+00 -0.4736117E-02
 -0.7531400E+00 -0.5120043E-02
 -0.7527600E+00 -0.5503326E-02
 -0.7523800E+00 -0.5885806E-02
 -0.7520000E+00 -0.6267367E-02
 -0.7516200E+00 -0.6647898E-02
 -0.7512400E+00 -0.7027239E-02
 -0.7508600E+00 -0.7405298E-02
 -0.7504800E+00 -0.7781919E-02
 -0.7501000E+00 -0.8156996E-02
 -0.7497200E+00 -0.8530422E-02
 -0.7493400E+00 -0.8902049E-02
 -0.7489600E+00 -0.9271774E-02
 -0.7485800E+00 -0.9639495E-02
 -0.7482000E+00 -0.1000507E-01
 -0.7478200E+00 -0.1036841E-01
 -0.7474400E+00 -0.1072937E-01
 -0.7470600E+00 -0.1108786E-01
 -0.7466800E+00 -0.1144379E-01
 -0.7463000E+00 -0.1179701E-01
 -0.7459200E+00 -0.1214743E-01
 -0.7455400E+00 -0.1249497E-01
 -0.7451600E+00 -0.1283948E-01
 -0.7447800E+00 -0.1318088E-01
 -0.7444000E+00 -0.1351908E-01
 -0.7440200E+00 -0.1385394E-01
 -0.7436400E+00 -0.1418541E-01
 -0.7432600E+00 -0.1451334E-01
 -0.7428800E+00 -0.1483765E-01
 -0.7425000E+00 -0.1515826E-01
 -0.7421200E+00 -0.1547505E-01
 -0.7417400E+00 -0.1578793E-01
 -0.7413600E+00 -0.1609682E-01
 -0.7409800E+00 -0.1640161E-01
 -0.7406000E+00 -0.1670221E-01
 -0.7402200E+00 -0.1699852E-01
 -0.7398400E+00 -0.1729045E-01
 -0.7394600E+00 -0.1757793E-01
 -0.7390800E+00 -0.1786085E-01
 -0.7387000E+00 -0.1813911E-01
 -0.7383200E+00 -0.1841265E-01
 -0.7379400E+00 -0.1868136E-01
 -0.7375600E+00 -0.1894516E-01
 -0.7371800E+00 -0.1920395E-01
 -0.7368000E+00 -0.1945766E-01
 -0.7364200E+00 -0.1970621E-01
 -0.7360400E+00 -0.1994948E-01
 -0.7356600E+00 -0.2018742E-01
 -0.7352800E+00 -0.2041993E-01
 -0.7349000E+00 -0.2064692E-01
 -0.7345200E+00 -0.2086832E-01
 -0.7341400E+00 -0.2108404E-01
 -0.7337600E+00 -0.2129400E-01
 -0.7333800E+00 -0.2149811E-01
 -0.7330000E+00 -0.2169630E-01
 -0.7326200E+00 -0.2188847E-01
 -0.7322400E+00 -0.2207456E-01
 -0.7318600E+00 -0.2225447E-01
 -0.7314800E+00 -0.2242813E-01
 -0.7311000E+00 -0.2259546E-01
 -0.7307200E+00 -0.2275638E-01
 -0.7303400E+00 -0.2291081E-01
 -0.7299600E+00 -0.2305866E-01
 -0.7295800E+00 -0.2319988E-01
 -0.7292000E+00 -0.2333437E-01
 -0.7288200E+00 -0.2346205E-01
 -0.7284400E+00 -0.2358285E-01
 -0.7280600E+00 -0.2369670E-01
 -0.7276800E+00 -0.2380351E-01
 -0.7273000E+00 -0.2390321E-01
 -0.7269200E+00 -0.2399573E-01
 -0.7265400E+00 -0.2408100E-01
 -0.7261600E+00 -0.2415892E-01
 -0.7257800E+00 -0.2422945E-01
 -0.7254000E+00 -0.2429250E-01
 -0.7250200E+00 -0.2434800E-01
 -0.7246400E+00 -0.2439588E-01
 -0.7242600E+00 -0.2443607E-01
 -0.7238800E+00 -0.2446851E-01
 -0.7235000E+00 -0.2449312E-01
 -0.7231200E+00 -0.2450984E-01
 -0.7227400E+00 -0.2451860E-01
 -0.7223600E+00 -0.2451933E-01
 -0.7219800E+00 -0.2451198E-01
 -0.7216000E+00 -0.2449649E-01
 -0.7212200E+00 -0.2447279E-01
 -0.7208400E+00 -0.2444082E-01
 -0.7204600E+00 -0.2440053E-01
 -0.7200800E+00 -0.2435186E-01
 -0.7197000E+00 -0.2429476E-01
 -0.7193200E+00 -0.2422918E-01
 -0.7189400E+00 -0.2415508E-01
 -0.7185600E+00 -0.2407240E-01
 -0.7181800E+00 -0.2398109E-01
 -0.7178000E+00 -0.2388113E-01
 -0.7174200E+00 -0.2377247E-01
 -0.7170400E+00 -0.2365507E-01
 -0.7166600E+00 -0.2352892E-01
 -0.7162800E+00 -0.2339396E-01
 -0.7159000E+00 -0.2325019E-01
 -0.7155200E+00 -0.2309759E-01
 -0.7151400E+00 -0.2293612E-01
 -0.7147600E+00 -0.2276578E-01
 -0.7143800E+00 -0.2258657E-01
 -0.7140000E+00 -0.2239849E-01
 -0.7136200E+00 -0.2220151E-01
 -0.7132400E+00 -0.2199567E-01
 -0.7128600E+00 -0.2178098E-01
 -0.7124800E+00 -0.2155744E-01
 -0.7121000E+00 -0.2132508E-01
 -0.7117200E+00 -0.2108396E-01
 -0.7113400E+00 -0.2083407E-01
 -0.7109600E+00 -0.2057547E-01
 -0.7105800E+00 -0.2030825E-01
 -0.7102000E+00 -0.2003241E-01
 -0.7098200E+00 -0.1974805E-01
 -0.7094400E+00 -0.1945527E-01
 -0.7090600E+00 -0.1915410E-01
 -0.7086800E+00 -0.1884466E-01
 -0.7083000E+00 -0.1852707E-01
 -0.7079200E+00 -0.1820141E-01
 -0.7075400E+00 -0.1786782E-01
 -0.7071600E+00 -0.1752642E-01
 -0.7067800E+00 -0.1717740E-01
 -0.7064000E+00 -0.1682085E-01
 -0.7060200E+00 -0.1645697E-01
 -0.7056400E+00 -0.1608596E-01
 -0.7052600E+00 -0.1570796E-01
 -0.7048800E+00 -0.1532319E-01
 -0.7045000E+00 -0.1493191E-01
 -0.7041200E+00 -0.1453427E-01
 -0.7037400E+00 -0.1413056E-01
 -0.7033600E+00 -0.1372105E-01
 -0.7029800E+00 -0.1330596E-01
 -0.7026000E+00 -0.1288560E-01
 -0.7022200E+00 -0.1246029E-01
 -0.7018400E+00 -0.1203029E-01
 -0.7014600E+00 -0.1159595E-01
 -0.7010800E+00 -0.1115765E-01
 -0.7007000E+00 -0.1071567E-01
 -0.7003200E+00 -0.1027042E-01
 -0.6999400E+00 -0.9822278E-02
 -0.6995600E+00 -0.9371684E-02
 -0.6991800E+00 -0.8918978E-02
 -0.6988000E+00 -0.8464624E-02
 -0.6984200E+00 -0.8009098E-02
 -0.6980400E+00 -0.7552785E-02
 -0.6976600E+00 -0.7096188E-02
 -0.6972800E+00 -0.6639827E-02
 -0.6969000E+00 -0.6184123E-02
 -0.6965200E+00 -0.5729619E-02
 -0.6961400E+00 -0.5276867E-02
 -0.6957600E+00 -0.4826326E-02
 -0.6953800E+00 -0.4378570E-02
 -0.6950000E+00 -0.3934181E-02
 -0.6946200E+00 -0.3493646E-02
 -0.6942400E+00 -0.3057562E-02
 -0.6938600E+00 -0.2626535E-02
 -0.6934800E+00 -0.2201070E-02
 -0.6931000E+00 -0.1781782E-02
 -0.6927200E+00 -0.1369251E-02
 -0.6923400E+00 -0.9640944E-03
 -0.6919600E+00 -0.5668312E-03
 -0.6915800E+00 -0.1780763E-03
 -0.6912000E+00  0.2015609E-03
 -0.6908200E+00  0.5715640E-03
 -0.6904400E+00  0.9313328E-03
 -0.6900600E+00  0.1280277E-02
 -0.6896800E+00  0.1617898E-02
 -0.6893000E+00  0.1943624E-02
 -0.6889200E+00  0.1224963E-01
 -0.6885400E+00  0.1212943E-01
 -0.6881600E+00  0.1199944E-01
 -0.6877800E+00  0.1185980E-01
 -0.6874000E+00  0.1171064E-01
 -0.6870200E+00  0.1155209E-01
 -0.6866400E+00  0.1138433E-01
 -0.6862600E+00  0.1120747E-01
 -0.6858800E+00  0.1102170E-01
 -0.6855000E+00  0.1082717E-01
 -0.6851200E+00  0.1062406E-01
 -0.6847400E+00  0.1041251E-01
 -0.6843600E+00  0.1019272E-01
 -0.6839800E+00  0.9964881E-02
 -0.6836000E+00  0.9729137E-02
 -0.6832200E+00  0.9485692E-02
 -0.6828400E+00  0.9234755E-02
 -0.6824600E+00  0.8976477E-02
 -0.6820800E+00  0.8711071E-02
 -0.6817000E+00  0.8438754E-02
 -0.6813200E+00  0.8159680E-02
 -0.6809400E+00  0.7874071E-02
 -0.6805600E+00  0.7582151E-02
 -0.6801800E+00  0.7284076E-02
 -0.6798000E+00  0.6980073E-02
 -0.6794200E+00  0.6670371E-02
 -0.6790400E+00  0.6355127E-02
 -0.6786600E+00  0.6034572E-02
 -0.6782800E+00  0.5708913E-02
 -0.6779000E+00  0.5378384E-02
 -0.6775200E+00  0.5043139E-02
 -0.6771400E+00  0.4703412E-02
 -0.6767600E+00  0.4359439E-02
 -0.6763800E+00  0.4011371E-02
 -0.6760000E+00  0.3659445E-02
 -0.6756200E+00  0.3303893E-02
 -0.6752400E+00  0.2944867E-02
 -0.6748600E+00  0.2582600E-02
 -0.6744800E+00  0.2217324E-02
 -0.6741000E+00  0.1849188E-02
 -0.6737200E+00  0.1478421E-02
 -0.6733400E+00  0.1105256E-02
 -0.6729600E+00  0.7298355E-03
 -0.6725800E+00  0.3523874E-03
 -0.6722000E+00 -0.2688942E-04
 -0.6718200E+00 -0.4077678E-03
 -0.6714400E+00 -0.7901115E-03
 -0.6710600E+00 -0.1173696E-02
 -0.6706800E+00 -0.1558299E-02
 -0.6703000E+00 -0.1943788E-02
 -0.6699200E+00 -0.2329943E-02
 -0.6695400E+00 -0.2716545E-02
 -0.6691600E+00 -0.3103468E-02
 -0.6687800E+00 -0.3490497E-02
 -0.6684000E+00 -0.3877415E-02
 -0.6680200E+00 -0.4264103E-02
 -0.6676400E+00 -0.4650350E-02
 -0.6672600E+00 -0.5035945E-02
 -0.6668800E+00 -0.5420772E-02
 -0.6665000E+00 -0.5804626E-02
 -0.6661200E+00 -0.6187301E-02
 -0.6657400E+00 -0.6568686E-02
 -0.6653600E+00 -0.6948579E-02
 -0.6649800E+00 -0.7326812E-02
 -0.6646000E+00 -0.7703187E-02
 -0.6642200E+00 -0.8077598E-02
 -0.6638400E+00 -0.8449850E-02
 -0.6634600E+00 -0.8819752E-02
 -0.6630800E+00 -0.9187201E-02
 -0.6627000E+00 -0.9552008E-02
 -0.6623200E+00 -0.9913985E-02
 -0.6619400E+00 -0.1027303E-01
 -0.6615600E+00 -0.1062897E-01
 -0.6611800E+00 -0.1098162E-01
 -0.6608000E+00 -0.1133087E-01
 -0.6604200E+00 -0.1167656E-01
 -0.6600400E+00 -0.1201850E-01
 -0.6596600E+00 -0.1235660E-01
 -0.6592800E+00 -0.1269069E-01
 -0.6589000E+00 -0.1302059E-01
 -0.6585200E+00 -0.1334622E-01
 -0.6581400E+00 -0.1366741E-01
 -0.6577600E+00 -0.1398401E-01
 -0.6573800E+00 -0.1429586E-01
 -0.6570000E+00 -0.1460287E-01
 -0.6566200E+00 -0.1490488E-01
 -0.6562400E+00 -0.1520173E-01
 -0.6558600E+00 -0.1549333E-01
 -0.6554800E+00 -0.1577952E-01
 -0.6551000E+00 -0.1606015E-01
 -0.6547200E+00 -0.1633513E-01
 -0.6543400E+00 -0.1660431E-01
 -0.6539600E+00 -0.1686754E-01
 -0.6535800E+00 -0.1712473E-01
 -0.6532000E+00 -0.1737573E-01
 -0.6528200E+00 -0.1762041E-01
 -0.6524400E+00 -0.1785867E-01
 -0.6520600E+00 -0.1809037E-01
 -0.6516800E+00 -0.1831537E-01
 -0.6513000E+00 -0.1853358E-01
 -0.6509200E+00 -0.1874488E-01
 -0.6505400E+00 -0.1894914E-01
 -0.6501600E+00 -0.1914622E-01
 -0.6497800E+00 -0.1933605E-01
 -0.6494000E+00 -0.1951849E-01
 -0.6490200E+00 -0.1969341E-01
 -0.6486400E+00 -0.1986074E-01
 -0.6482600E+00 -0.2002034E-01
 -0.6478800E+00 -0.2017211E-01
 -0.6475000E+00 -0.2031594E-01
 -0.6471200E+00 -0.2045173E-01
 -0.6467400E+00 -0.2057936E-01
 -0.6463600E+00 -0.2069875E-01
 -0.6459800E+00 -0.2080979E-01
 -0.6456000E+00 -0.2091237E-01
 -0.6452200E+00 -0.2100641E-01
 -0.6448400E+00 -0.2109181E-01
 -0.6444600E+00 -0.2116848E-01
 -0.6440800E+00 -0.2123632E-01
 -0.6437000E+00 -0.2129525E-01
 -0.6433200E+00 -0.2134519E-01
 -0.6429400E+00 -0.2138604E-01
 -0.6425600E+00 -0.2141773E-01
 -0.6421800E+00 -0.2144019E-01
 -0.6418000E+00 -0.2145334E-01
 -0.6414200E+00 -0.2145711E-01
 -0.6410400E+00 -0.2145142E-01
 -0.6406600E+00 -0.2143623E-01
 -0.6402800E+00 -0.2141146E-01
 -0.6399000E+00 -0.2137705E-01
 -0.6395200E+00 -0.2133297E-01
 -0.6391400E+00 -0.2127916E-01
 -0.6387600E+00 -0.2121557E-01
 -0.6383800E+00 -0.2114217E-01
 -0.6380000E+00 -0.2105891E-01
 -0.6376200E+00 -0.2096577E-01
 -0.6372400E+00 -0.2086275E-01
 -0.6368600E+00 -0.2074979E-01
 -0.6364800E+00 -0.2062689E-01
 -0.6361000E+00 -0.2049406E-01
 -0.6357200E+00 -0.2035130E-01
 -0.6353400E+00 -0.2019859E-01
 -0.6349600E+00 -0.2003596E-01
 -0.6345800E+00 -0.1986344E-01
 -0.6342000E+00 -0.1968103E-01
 -0.6338200E+00 -0.1948878E-01
 -0.6334400E+00 -0.1928675E-01
 -0.6330600E+00 -0.1907496E-01
 -0.6326800E+00 -0.1885349E-01
 -0.6323000E+00 -0.1862242E-01
 -0.6319200E+00 -0.1838179E-01
 -0.6315400E+00 -0.1813171E-01
 -0.6311600E+00 -0.1787230E-01
 -0.6307800E+00 -0.1760362E-01
 -0.6304000E+00 -0.1732581E-01
 -0.6300200E+00 -0.1703902E-01
 -0.6296400E+00 -0.1674334E-01
 -0.6292600E+00 -0.1643896E-01
 -0.6288800E+00 -0.1612602E-01
 -0.6285000E+00 -0.1580472E-01
 -0.6281200E+00 -0.1547521E-01
 -0.6277400E+00 -0.1513770E-01
 -0.6273600E+00 -0.1479243E-01
 -0.6269800E+00 -0.1443957E-01
 -0.6266000E+00 -0.1407937E-01
 -0.6262200E+00 -0.1371212E-01
 -0.6258400E+00 -0.1333802E-01
 -0.6254600E+00 -0.1295736E-01
 -0.6250800E+00 -0.1257047E-01
 -0.6247000E+00 -0.1217758E-01
 -0.6243200E+00 -0.1177904E-01
 -0.6239400E+00 -0.1137521E-01
 -0.6235600E+00 -0.1096635E-01
 -0.6231800E+00 -0.1055287E-01
 -0.6228000E+00 -0.1013514E-01
 -0.6224200E+00 -0.9713490E-02
 -0.6220400E+00 -0.9288339E-02
 -0.6216600E+00 -0.8860090E-02
 -0.6212800E+00 -0.8429192E-02
 -0.6209000E+00 -0.7996004E-02
 -0.6205200E+00 -0.7560999E-02
 -0.6201400E+00 -0.7124660E-02
 -0.6197600E+00 -0.6687379E-02
 -0.6193800E+00 -0.6249659E-02
 -0.6190000E+00 -0.5812014E-02
 -0.6186200E+00 -0.5374863E-02
 -0.6182400E+00 -0.4938737E-02
 -0.6178600E+00 -0.4504174E-02
 -0.6174800E+00 -0.4071615E-02
 -0.6171000E+00 -0.3641610E-02
 -0.6167200E+00 -0.3214714E-02
 -0.6163400E+00 -0.2791385E-02
 -0.6159600E+00 -0.2372185E-02
 -0.6155800E+00 -0.1957643E-02
 -0.6152000E+00 -0.1548324E-02
 -0.6148200E+00 -0.1144695E-02
 -0.6144400E+00 -0.7473176E-03
 -0.6140600E+00 -0.3567518E-03
 -0.6136800E+00  0.2653892E-04
 -0.6133000E+00  0.4020028E-03
 -0.6129200E+00  0.7690962E-03
 -0.6125400E+00  0.1127368E-02
 -0.6121600E+00  0.1476289E-02
 -0.6117800E+00  0.1815342E-02
 -0.6114000E+00  0.2144098E-02
 -0.6110200E+00  0.2462061E-02
 -0.6106400E+00  0.2768750E-02
 -0.6102600E+00  0.3063770E-02
 -0.6098800E+00  0.3346667E-02
 -0.6095000E+00  0.3617009E-02
 -0.6091200E+00  0.3874443E-02
 -0.6087400E+00  0.4118569E-02
 -0.6083600E+00  0.4349027E-02
 -0.6079800E+00  0.4565464E-02
 -0.6076000E+00  0.4767594E-02
 -0.6072200E+00  0.4955103E-02
 -0.6068400E+00  0.5127702E-02
 -0.6064600E+00  0.5285168E-02
 -0.6060800E+00  0.5427257E-02
 -0.6057000E+00  0.5553756E-02
 -0.6053200E+00  0.5664503E-02
 -0.6049400E+00  0.5759332E-02
 -0.6045600E+00  0.5838106E-02
 -0.6041800E+00  0.5900733E-02
 -0.6038000E+00  0.5947124E-02
 -0.6034200E+00  0.5977222E-02
 -0.6030400E+00  0.5991003E-02
 -0.6026600E+00  0.5988458E-02
 -0.6022800E+00  0.5969608E-02
 -0.6019000E+00  0.5934496E-02
 -0.6015200E+00  0.5883191E-02
 -0.6011400E+00  0.5815785E-02
 -0.6007600E+00  0.5732401E-02
 -0.6003800E+00  0.5633165E-02
 -0.6000000E+00  0.5518244E-02
