  0.1000000E+00 -0.0000000E+00
  0.1139442E+00 -0.2118976E-07
  0.1278884E+00 -0.5715148E-07
  0.1418327E+00 -0.1304700E-06
  0.1557769E+00 -0.2836570E-06
  0.1697211E+00 -0.5992635E-06
  0.1836653E+00 -0.1235390E-05
  0.1976096E+00 -0.2487831E-05
  0.2115538E+00 -0.4896104E-05
  0.2254980E+00 -0.9419108E-05
  0.2394422E+00 -0.1771727E-04
  0.2533865E+00 -0.3259131E-04
  0.2673307E+00 -0.5864214E-04
  0.2812749E+00 -0.1032286E-03
  0.2952191E+00 -0.1778057E-03
  0.3091633E+00 -0.2997187E-03
  0.3231076E+00 -0.4944977E-03
  0.3370518E+00 -0.7986358E-03
  0.3509960E+00 -0.1262730E-02
  0.3649402E+00 -0.1954709E-02
  0.3788845E+00 -0.2962685E-02
  0.3928287E+00 -0.4396728E-02
  0.4067729E+00 -0.6388640E-02
  0.4207171E+00 -0.9088639E-02
  0.4346614E+00 -0.1265779E-01
  0.4486056E+00 -0.1725518E-01
  0.4625498E+00 -0.2301912E-01
  0.4764940E+00 -0.3004258E-01
  0.4904382E+00 -0.3834382E-01
  0.5043825E+00 -0.4783459E-01
  0.5183267E+00 -0.5828956E-01
  0.5322709E+00 -0.6932205E-01
  0.5462151E+00 -0.8037168E-01
  0.5601594E+00 -0.9070992E-01
  0.5741036E+00 -0.9946872E-01
  0.5880478E+00 -0.1056951E+00
  0.6019920E+00 -0.1084316E+00
  0.6159363E+00 -0.1068192E+00
  0.6298805E+00 -0.1002129E+00
  0.6438247E+00 -0.8829840E-01
  0.6577689E+00 -0.7119385E-01
  0.6717131E+00 -0.4951851E-01
  0.6856574E+00 -0.2441376E-01
  0.6996016E+00  0.2496523E-02
  0.7135458E+00  0.2921128E-01
  0.7274900E+00  0.5352008E-01
  0.7414343E+00  0.7322065E-01
  0.7553785E+00  0.8636425E-01
  0.7693227E+00  0.9149992E-01
  0.7832669E+00  0.8788538E-01
  0.7972112E+00  0.7563271E-01
  0.8111554E+00  0.5576323E-01
  0.8250996E+00  0.3015568E-01
  0.8390438E+00  0.1385472E-02
  0.8529880E+00 -0.2753250E-01
  0.8669323E+00 -0.5347066E-01
  0.8808765E+00 -0.7354725E-01
  0.8948207E+00 -0.8547179E-01
  0.9087649E+00 -0.8783262E-01
  0.9227092E+00 -0.8028695E-01
  0.9366534E+00 -0.6362598E-01
  0.9505976E+00 -0.3970285E-01
  0.9645418E+00 -0.1122941E-01
  0.9784861E+00  0.1853488E-01
  0.9924303E+00  0.4616437E-01
  0.1006375E+01  0.6847162E-01
  0.1020319E+01  0.8288453E-01
  0.1034263E+01  0.8774933E-01
  0.1048207E+01  0.8252237E-01
  0.1062151E+01  0.6782792E-01
  0.1076096E+01  0.4537653E-01
  0.1090040E+01  0.1775592E-01
  0.1103984E+01 -0.1187822E-01
  0.1117928E+01 -0.4017235E-01
  0.1131873E+01 -0.6396074E-01
  0.1145817E+01 -0.8062099E-01
  0.1159761E+01 -0.8835855E-01
  0.1173705E+01 -0.8638995E-01
  0.1187649E+01 -0.7500699E-01
  0.1201594E+01 -0.5551920E-01
  0.1215538E+01 -0.3008583E-01
  0.1229482E+01 -0.1460738E-02
  0.1243426E+01  0.2731779E-01
  0.1257371E+01  0.5325605E-01
  0.1271315E+01  0.7371608E-01
  0.1285259E+01  0.8667689E-01
  0.1299203E+01  0.9092060E-01
  0.1313147E+01  0.8612814E-01
  0.1327092E+01  0.7287974E-01
  0.1341036E+01  0.5256547E-01
  0.1354980E+01  0.2722023E-01
  0.1368924E+01 -0.6959264E-03
  0.1382869E+01 -0.2854724E-01
  0.1396813E+01 -0.5377535E-01
  0.1410757E+01 -0.7413174E-01
  0.1424701E+01 -0.8786898E-01
  0.1438645E+01 -0.9387585E-01
  0.1452590E+01 -0.9174767E-01
  0.1466534E+01 -0.8179030E-01
  0.1480478E+01 -0.6496200E-01
  0.1494422E+01 -0.4276283E-01
  0.1508367E+01 -0.1708506E-01
  0.1522311E+01  0.9959775E-02
  0.1536255E+01  0.3622093E-01
  0.1550199E+01  0.5968017E-01
  0.1564143E+01  0.7860194E-01
  0.1578088E+01  0.9165158E-01
  0.1592032E+01  0.9797507E-01
  0.1605976E+01  0.9723702E-01
  0.1619920E+01  0.8961786E-01
  0.1633865E+01  0.7577343E-01
  0.1647809E+01  0.5676357E-01
  0.1661753E+01  0.3395727E-01
  0.1675697E+01  0.8923313E-02
  0.1689641E+01 -0.1668468E-01
  0.1703586E+01 -0.4124041E-01
  0.1717530E+01 -0.6324690E-01
  0.1731474E+01 -0.8142247E-01
  0.1745418E+01 -0.9476669E-01
  0.1759363E+01 -0.1026037E+00
  0.1773307E+01 -0.1046024E+00
  0.1787251E+01 -0.1007748E+00
  0.1801195E+01 -0.9145404E-01
  0.1815139E+01 -0.7725605E-01
  0.1829084E+01 -0.5902818E-01
  0.1843028E+01 -0.3778943E-01
  0.1856972E+01 -0.1466635E-01
  0.1870916E+01  0.9171458E-02
  0.1884861E+01  0.3257258E-01
  0.1898805E+01  0.5445883E-01
  0.1912749E+01  0.7387190E-01
  0.1926693E+01  0.9001004E-01
  0.1940637E+01  0.1022540E+00
  0.1954582E+01  0.1101819E+00
  0.1968526E+01  0.1135742E+00
  0.1982470E+01  0.1124080E+00
  0.1996414E+01  0.1068446E+00
  0.2010359E+01  0.9720890E-01
  0.2024303E+01  0.8396445E-01
  0.2038247E+01  0.6768509E-01
  0.2052191E+01  0.4902459E-01
  0.2066135E+01  0.2868611E-01
  0.2080080E+01  0.7392747E-02
  0.2094024E+01 -0.1413986E-01
  0.2107968E+01 -0.3522781E-01
  0.2121912E+01 -0.5523971E-01
  0.2135857E+01 -0.7361340E-01
  0.2149801E+01 -0.8986845E-01
  0.2163745E+01 -0.1036147E+00
  0.2177689E+01 -0.1145565E+00
  0.2191633E+01 -0.1224938E+00
  0.2205578E+01 -0.1273197E+00
  0.2219522E+01 -0.1290154E+00
  0.2233466E+01 -0.1276426E+00
  0.2247410E+01 -0.1233348E+00
  0.2261355E+01 -0.1162871E+00
  0.2275299E+01 -0.1067453E+00
  0.2289243E+01 -0.9499443E-01
  0.2303187E+01 -0.8134842E-01
  0.2317131E+01 -0.6613901E-01
  0.2331076E+01 -0.4970615E-01
  0.2345020E+01 -0.3238908E-01
  0.2358964E+01 -0.1451845E-01
  0.2372908E+01  0.3590337E-02
  0.2386853E+01  0.2164265E-01
  0.2400797E+01  0.3936899E-01
  0.2414741E+01  0.5652813E-01
  0.2428685E+01  0.7290929E-01
  0.2442629E+01  0.8833322E-01
  0.2456574E+01  0.1026525E+00
  0.2470518E+01  0.1157511E+00
  0.2484462E+01  0.1275430E+00
  0.2498406E+01  0.1379709E+00
  0.2512351E+01  0.1470037E+00
  0.2526295E+01  0.1546346E+00
  0.2540239E+01  0.1608780E+00
  0.2554183E+01  0.1657674E+00
  0.2568127E+01  0.1693519E+00
  0.2582072E+01  0.1716944E+00
  0.2596016E+01  0.1728682E+00
  0.2609960E+01  0.1729550E+00
  0.2623904E+01  0.1720426E+00
  0.2637849E+01  0.1702225E+00
  0.2651793E+01  0.1675881E+00
  0.2665737E+01  0.1642333E+00
  0.2679681E+01  0.1602508E+00
  0.2693625E+01  0.1557307E+00
  0.2707570E+01  0.1507598E+00
  0.2721514E+01  0.1454208E+00
  0.2735458E+01  0.1397911E+00
  0.2749402E+01  0.1339432E+00
  0.2763347E+01  0.1279436E+00
  0.2777291E+01  0.1218530E+00
  0.2791235E+01  0.1157263E+00
  0.2805179E+01  0.1096122E+00
  0.2819124E+01  0.1035541E+00
  0.2833068E+01  0.9758949E-01
  0.2847012E+01  0.9175061E-01
  0.2860956E+01  0.8606474E-01
  0.2874900E+01  0.8055445E-01
  0.2888845E+01  0.7523796E-01
  0.2902789E+01  0.7012953E-01
  0.2916733E+01  0.6523977E-01
  0.2930677E+01  0.6057606E-01
  0.2944622E+01  0.5614286E-01
  0.2958566E+01  0.5194209E-01
  0.2972510E+01  0.4797340E-01
  0.2986454E+01  0.4423455E-01
  0.3000398E+01  0.4072163E-01
  0.3014343E+01  0.3742937E-01
  0.3028287E+01  0.3435136E-01
  0.3042231E+01  0.3148030E-01
  0.3056175E+01  0.2880816E-01
  0.3070120E+01  0.2632639E-01
  0.3084064E+01  0.2402606E-01
  0.3098008E+01  0.2189803E-01
  0.3111952E+01  0.1993303E-01
  0.3125896E+01  0.1812179E-01
  0.3139841E+01  0.1645513E-01
  0.3153785E+01  0.1492401E-01
  0.3167729E+01  0.1351962E-01
  0.3181673E+01  0.1223341E-01
  0.3195618E+01  0.1105714E-01
  0.3209562E+01  0.9982897E-02
  0.3223506E+01  0.9003135E-02
  0.3237450E+01  0.8110668E-02
  0.3251394E+01  0.7298691E-02
  0.3265339E+01  0.6560777E-02
  0.3279283E+01  0.5890879E-02
  0.3293227E+01  0.5283323E-02
  0.3307171E+01  0.4732795E-02
  0.3321116E+01  0.4234336E-02
  0.3335060E+01  0.3783325E-02
  0.3349004E+01  0.3375465E-02
  0.3362948E+01  0.3006768E-02
  0.3376892E+01  0.2673535E-02
  0.3390837E+01  0.2372341E-02
  0.3404781E+01  0.2100018E-02
  0.3418725E+01  0.1853634E-02
  0.3432669E+01  0.1630477E-02
  0.3446614E+01  0.1428037E-02
  0.3460558E+01  0.1243988E-02
  0.3474502E+01  0.1076170E-02
  0.3488446E+01  0.9225726E-03
  0.3502390E+01  0.7813155E-03
  0.3516335E+01  0.6506344E-03
  0.3530279E+01  0.5288625E-03
  0.3544223E+01  0.4144137E-03
  0.3558167E+01  0.3057659E-03
  0.3572112E+01  0.2014434E-03
  0.3586056E+01  0.1000000E-03
  0.3600000E+01  0.0000000E+00
