  0.1000000E+00  0.0000000E+00
  0.1139442E+00  0.3535899E-08
  0.1278884E+00  0.9517887E-08
  0.1418327E+00  0.2167036E-07
  0.1557769E+00  0.4697285E-07
  0.1697211E+00  0.9892069E-07
  0.1836653E+00  0.2032486E-06
  0.1976096E+00  0.4078883E-06
  0.2115538E+00  0.7998520E-06
  0.2254980E+00  0.1533017E-05
  0.2394422E+00  0.2872424E-05
  0.2533865E+00  0.5262611E-05
  0.2673307E+00  0.9429441E-05
  0.2812749E+00  0.1652637E-04
  0.2952191E+00  0.2833639E-04
  0.3091633E+00  0.4753887E-04
  0.3231076E+00  0.7804485E-04
  0.3370518E+00  0.1253938E-03
  0.3509960E+00  0.1971877E-03
  0.3649402E+00  0.3035151E-03
  0.3788845E+00  0.4572876E-03
  0.3928287E+00  0.6743808E-03
  0.4067729E+00  0.9734397E-03
  0.4207171E+00  0.1375191E-02
  0.4346614E+00  0.1901110E-02
  0.4486056E+00  0.2571308E-02
  0.4625498E+00  0.3401609E-02
  0.4764940E+00  0.4399868E-02
  0.4904382E+00  0.5561766E-02
  0.5043825E+00  0.6866501E-02
  0.5183267E+00  0.8272973E-02
  0.5322709E+00  0.9717230E-02
  0.5462151E+00  0.1111199E-01
  0.5601594E+00  0.1234906E-01
  0.5741036E+00  0.1330515E-01
  0.5880478E+00  0.1385143E-01
  0.6019920E+00  0.1386640E-01
  0.6159363E+00  0.1325117E-01
  0.6298805E+00  0.1194523E-01
  0.6438247E+00  0.9942778E-02
  0.6577689E+00  0.7302799E-02
  0.6717131E+00  0.4154964E-02
  0.6856574E+00  0.6971872E-03
  0.6996016E+00 -0.2815874E-02
  0.7135458E+00 -0.6093358E-02
  0.7274900E+00 -0.8836428E-02
  0.7414343E+00 -0.1077147E-01
  0.7553785E+00 -0.1168438E-01
  0.7693227E+00 -0.1145149E-01
  0.7832669E+00 -0.1006232E-01
  0.7972112E+00 -0.7630408E-02
  0.8111554E+00 -0.4389299E-02
  0.8250996E+00 -0.6730875E-03
  0.8390438E+00  0.3117311E-02
  0.8529880E+00  0.6558598E-02
  0.8669323E+00  0.9255030E-02
  0.8808765E+00  0.1088748E-01
  0.8948207E+00  0.1125500E-01
  0.9087649E+00  0.1030306E-01
  0.9227092E+00  0.8134024E-02
  0.9366534E+00  0.4998063E-02
  0.9505976E+00  0.1264939E-02
  0.9645418E+00 -0.2619915E-02
  0.9784861E+00 -0.6189609E-02
  0.9924303E+00 -0.9013343E-02
  0.1006375E+01 -0.1074980E-01
  0.1020319E+01 -0.1118947E-01
  0.1034263E+01 -0.1028037E-01
  0.1048207E+01 -0.8134062E-02
  0.1062151E+01 -0.5011120E-02
  0.1076096E+01 -0.1288334E-02
  0.1090040E+01  0.2588097E-02
  0.1103984E+01  0.6157215E-02
  0.1117928E+01  0.8998836E-02
  0.1131873E+01  0.1078309E-01
  0.1145817E+01  0.1130803E-01
  0.1159761E+01  0.1052106E-01
  0.1173705E+01  0.8522173E-02
  0.1187649E+01  0.5549066E-02
  0.1201594E+01  0.1946722E-02
  0.1215538E+01 -0.1874494E-02
  0.1229482E+01 -0.5486840E-02
  0.1243426E+01 -0.8493511E-02
  0.1257371E+01 -0.1057174E-01
  0.1271315E+01 -0.1150603E-01
  0.1285259E+01 -0.1120836E-01
  0.1299203E+01 -0.9723600E-02
  0.1313147E+01 -0.7220528E-02
  0.1327092E+01 -0.3969993E-02
  0.1341036E+01 -0.3133559E-03
  0.1354980E+01  0.3374946E-02
  0.1368924E+01  0.6726463E-02
  0.1382869E+01  0.9415314E-02
  0.1396813E+01  0.1118871E-01
  0.1410757E+01  0.1188872E-01
  0.1424701E+01  0.1146371E-01
  0.1438645E+01  0.9968936E-02
  0.1452590E+01  0.7557044E-02
  0.1466534E+01  0.4459920E-02
  0.1480478E+01  0.9643151E-03
  0.1494422E+01 -0.2616167E-02
  0.1508367E+01 -0.5969862E-02
  0.1522311E+01 -0.8813995E-02
  0.1536255E+01 -0.1091753E-01
  0.1550199E+01 -0.1211822E-01
  0.1564143E+01 -0.1233285E-01
  0.1578088E+01 -0.1156026E-01
  0.1592032E+01 -0.9877540E-02
  0.1605976E+01 -0.7430150E-02
  0.1619920E+01 -0.4417273E-02
  0.1633865E+01 -0.1073961E-02
  0.1647809E+01  0.2348297E-02
  0.1661753E+01  0.5600957E-02
  0.1675697E+01  0.8456271E-02
  0.1689641E+01  0.1072243E-01
  0.1703586E+01  0.1225508E-01
  0.1717530E+01  0.1296475E-01
  0.1731474E+01  0.1281989E-01
  0.1745418E+01  0.1184588E-01
  0.1759363E+01  0.1012019E-01
  0.1773307E+01  0.7764604E-02
  0.1787251E+01  0.4935065E-02
  0.1801195E+01  0.1810165E-02
  0.1815139E+01 -0.1420939E-02
  0.1829084E+01 -0.4570334E-02
  0.1843028E+01 -0.7462200E-02
  0.1856972E+01 -0.9942118E-02
  0.1870916E+01 -0.1188443E-01
  0.1884861E+01 -0.1319741E-01
  0.1898805E+01 -0.1382613E-01
  0.1912749E+01 -0.1375311E-01
  0.1926693E+01 -0.1299693E-01
  0.1940637E+01 -0.1160904E-01
  0.1954582E+01 -0.9669152E-02
  0.1968526E+01 -0.7279586E-02
  0.1982470E+01 -0.4558972E-02
  0.1996414E+01 -0.1635668E-02
  0.2010359E+01  0.1358713E-02
  0.2024303E+01  0.4295398E-02
  0.2038247E+01  0.7053886E-02
  0.2052191E+01  0.9526547E-02
  0.2066135E+01  0.1162226E-01
  0.2080080E+01  0.1326903E-01
  0.2094024E+01  0.1441554E-01
  0.2107968E+01  0.1503175E-01
  0.2121912E+01  0.1510852E-01
  0.2135857E+01  0.1465654E-01
  0.2149801E+01  0.1370446E-01
  0.2163745E+01  0.1229660E-01
  0.2177689E+01  0.1049026E-01
  0.2191633E+01  0.8352763E-02
  0.2205578E+01  0.5958497E-02
  0.2219522E+01  0.3385913E-02
  0.2233466E+01  0.7147161E-03
  0.2247410E+01 -0.1976732E-02
  0.2261355E+01 -0.4613709E-02
  0.2275299E+01 -0.7127088E-02
  0.2289243E+01 -0.9454919E-02
  0.2303187E+01 -0.1154363E-01
  0.2317131E+01 -0.1334883E-01
  0.2331076E+01 -0.1483581E-01
  0.2345020E+01 -0.1597966E-01
  0.2358964E+01 -0.1676505E-01
  0.2372908E+01 -0.1718590E-01
  0.2386853E+01 -0.1724468E-01
  0.2400797E+01 -0.1695163E-01
  0.2414741E+01 -0.1632381E-01
  0.2428685E+01 -0.1538416E-01
  0.2442629E+01 -0.1416037E-01
  0.2456574E+01 -0.1268387E-01
  0.2470518E+01 -0.1098880E-01
  0.2484462E+01 -0.9110999E-02
  0.2498406E+01 -0.7087096E-02
  0.2512351E+01 -0.4953687E-02
  0.2526295E+01 -0.2746579E-02
  0.2540239E+01 -0.5001591E-03
  0.2554183E+01  0.1753142E-02
  0.2568127E+01  0.3983280E-02
  0.2582072E+01  0.6162931E-02
  0.2596016E+01  0.8267720E-02
  0.2609960E+01  0.1027637E-01
  0.2623904E+01  0.1217076E-01
  0.2637849E+01  0.1393594E-01
  0.2651793E+01  0.1556004E-01
  0.2665737E+01  0.1703415E-01
  0.2679681E+01  0.1835217E-01
  0.2693625E+01  0.1951061E-01
  0.2707570E+01  0.2050839E-01
  0.2721514E+01  0.2134655E-01
  0.2735458E+01  0.2202806E-01
  0.2749402E+01  0.2255753E-01
  0.2763347E+01  0.2294097E-01
  0.2777291E+01  0.2318559E-01
  0.2791235E+01  0.2329950E-01
  0.2805179E+01  0.2329155E-01
  0.2819124E+01  0.2317108E-01
  0.2833068E+01  0.2294778E-01
  0.2847012E+01  0.2263149E-01
  0.2860956E+01  0.2223209E-01
  0.2874900E+01  0.2175930E-01
  0.2888845E+01  0.2122266E-01
  0.2902789E+01  0.2063136E-01
  0.2916733E+01  0.1999422E-01
  0.2930677E+01  0.1931956E-01
  0.2944622E+01  0.1861525E-01
  0.2958566E+01  0.1788859E-01
  0.2972510E+01  0.1714632E-01
  0.2986454E+01  0.1639462E-01
  0.3000398E+01  0.1563911E-01
  0.3014343E+01  0.1488481E-01
  0.3028287E+01  0.1413623E-01
  0.3042231E+01  0.1339731E-01
  0.3056175E+01  0.1267150E-01
  0.3070120E+01  0.1196175E-01
  0.3084064E+01  0.1127056E-01
  0.3098008E+01  0.1060000E-01
  0.3111952E+01  0.9951753E-02
  0.3125896E+01  0.9327121E-02
  0.3139841E+01  0.8727087E-02
  0.3153785E+01  0.8152332E-02
  0.3167729E+01  0.7603266E-02
  0.3181673E+01  0.7080057E-02
  0.3195618E+01  0.6582664E-02
  0.3209562E+01  0.6110857E-02
  0.3223506E+01  0.5664248E-02
  0.3237450E+01  0.5242309E-02
  0.3251394E+01  0.4844398E-02
  0.3265339E+01  0.4469773E-02
  0.3279283E+01  0.4117615E-02
  0.3293227E+01  0.3787042E-02
  0.3307171E+01  0.3477122E-02
  0.3321116E+01  0.3186886E-02
  0.3335060E+01  0.2915342E-02
  0.3349004E+01  0.2661479E-02
  0.3362948E+01  0.2424281E-02
  0.3376892E+01  0.2202729E-02
  0.3390837E+01  0.1995811E-02
  0.3404781E+01  0.1802522E-02
  0.3418725E+01  0.1621871E-02
  0.3432669E+01  0.1452882E-02
  0.3446614E+01  0.1294594E-02
  0.3460558E+01  0.1146065E-02
  0.3474502E+01  0.1006368E-02
  0.3488446E+01  0.8745942E-03
  0.3502390E+01  0.7498485E-03
  0.3516335E+01  0.6312483E-03
  0.3530279E+01  0.5179205E-03
  0.3544223E+01  0.4089984E-03
  0.3558167E+01  0.3036171E-03
  0.3572112E+01  0.2009094E-03
  0.3586056E+01  0.1000000E-03
  0.3600000E+01  0.0000000E+00
