  0.1000000E+00 -0.0000000E+00
  0.1129741E+00 -0.8822325E-08
  0.1259481E+00 -0.2283348E-07
  0.1389222E+00 -0.4947046E-07
  0.1518962E+00 -0.1017956E-06
  0.1648703E+00 -0.2036976E-06
  0.1778443E+00 -0.3985211E-06
  0.1908184E+00 -0.7633786E-06
  0.2037924E+00 -0.1432395E-05
  0.2167665E+00 -0.2633474E-05
  0.2297405E+00 -0.4744813E-05
  0.2427146E+00 -0.8379198E-05
  0.2556886E+00 -0.1450582E-04
  0.2686627E+00 -0.2462045E-04
  0.2816367E+00 -0.4097468E-04
  0.2946108E+00 -0.6687243E-04
  0.3075848E+00 -0.1070359E-03
  0.3205589E+00 -0.1680330E-03
  0.3335329E+00 -0.2587413E-03
  0.3465070E+00 -0.3908023E-03
  0.3594810E+00 -0.5789913E-03
  0.3724551E+00 -0.8413994E-03
  0.3854291E+00 -0.1199293E-02
  0.3984032E+00 -0.1676500E-02
  0.4113772E+00 -0.2298159E-02
  0.4243513E+00 -0.3088709E-02
  0.4373253E+00 -0.4069023E-02
  0.4502994E+00 -0.5252721E-02
  0.4632735E+00 -0.6641813E-02
  0.4762475E+00 -0.8221997E-02
  0.4892216E+00 -0.9958124E-02
  0.5021956E+00 -0.1179053E-01
  0.5151697E+00 -0.1363301E-01
  0.5281437E+00 -0.1537332E-01
  0.5411178E+00 -0.1687693E-01
  0.5540918E+00 -0.1799452E-01
  0.5670659E+00 -0.1857338E-01
  0.5800399E+00 -0.1847220E-01
  0.5930140E+00 -0.1757837E-01
  0.6059880E+00 -0.1582586E-01
  0.6189621E+00 -0.1321175E-01
  0.6319361E+00 -0.9808835E-02
  0.6449102E+00 -0.5771757E-02
  0.6578842E+00 -0.1334718E-02
  0.6708583E+00  0.3200624E-02
  0.6838323E+00  0.7487186E-02
  0.6968064E+00  0.1116323E-01
  0.7097804E+00  0.1388928E-01
  0.7227545E+00  0.1538728E-01
  0.7357285E+00  0.1547730E-01
  0.7487026E+00  0.1410680E-01
  0.7616766E+00  0.1136767E-01
  0.7746507E+00  0.7497822E-02
  0.7876248E+00  0.2865255E-02
  0.8005988E+00 -0.2064719E-02
  0.8135729E+00 -0.6776463E-02
  0.8265469E+00 -0.1076025E-01
  0.8395210E+00 -0.1357124E-01
  0.8524950E+00 -0.1488382E-01
  0.8654691E+00 -0.1453416E-01
  0.8784431E+00 -0.1254484E-01
  0.8914172E+00 -0.9127726E-02
  0.9043912E+00 -0.4663756E-02
  0.9173653E+00  0.3386228E-03
  0.9303393E+00  0.5301692E-02
  0.9433134E+00  0.9646473E-02
  0.9562874E+00  0.1286212E-01
  0.9692615E+00  0.1456795E-01
  0.9822355E+00  0.1456021E-01
  0.9952096E+00  0.1283761E-01
  0.1008184E+01  0.9602131E-02
  0.1021158E+01  0.5235165E-02
  0.1034132E+01  0.2517453E-03
  0.1047106E+01 -0.4761278E-02
  0.1060080E+01 -0.9215452E-02
  0.1073054E+01 -0.1259061E-01
  0.1086028E+01 -0.1449591E-01
  0.1099002E+01 -0.1471477E-01
  0.1111976E+01 -0.1322842E-01
  0.1124950E+01 -0.1021580E-01
  0.1137924E+01 -0.6030145E-02
  0.1150898E+01 -0.1155679E-02
  0.1163872E+01  0.3850059E-02
  0.1176846E+01  0.8421081E-02
  0.1189820E+01  0.1204728E-01
  0.1202794E+01  0.1433083E-01
  0.1215768E+01  0.1502841E-01
  0.1228743E+01  0.1407500E-01
  0.1241717E+01  0.1158712E-01
  0.1254691E+01  0.7846005E-02
  0.1267665E+01  0.3263249E-02
  0.1280639E+01 -0.1666591E-02
  0.1293613E+01 -0.6420718E-02
  0.1306587E+01 -0.1050398E-01
  0.1319561E+01 -0.1349986E-01
  0.1332535E+01 -0.1511146E-01
  0.1345509E+01 -0.1518854E-01
  0.1358483E+01 -0.1373856E-01
  0.1371457E+01 -0.1092129E-01
  0.1384431E+01 -0.7028337E-02
  0.1397405E+01 -0.2450418E-02
  0.1410379E+01  0.2363754E-02
  0.1423353E+01  0.6952515E-02
  0.1436327E+01  0.1088562E-01
  0.1449301E+01  0.1380371E-01
  0.1462275E+01  0.1544941E-01
  0.1475250E+01  0.1568753E-01
  0.1488224E+01  0.1451315E-01
  0.1501198E+01  0.1204757E-01
  0.1514172E+01  0.8523074E-02
  0.1527146E+01  0.4258573E-02
  0.1540120E+01 -0.3711097E-03
  0.1553094E+01 -0.4969366E-02
  0.1566068E+01 -0.9152109E-02
  0.1579042E+01 -0.1257935E-01
  0.1592016E+01 -0.1498152E-01
  0.1604990E+01 -0.1617872E-01
  0.1617964E+01 -0.1609172E-01
  0.1630938E+01 -0.1474429E-01
  0.1643912E+01 -0.1225739E-01
  0.1656886E+01 -0.8835937E-02
  0.1669860E+01 -0.4749919E-02
  0.1682834E+01 -0.3115312E-03
  0.1695808E+01  0.4149650E-02
  0.1708782E+01  0.8311430E-02
  0.1721756E+01  0.1188190E-01
  0.1734731E+01  0.1461891E-01
  0.1747705E+01  0.1634497E-01
  0.1760679E+01  0.1695678E-01
  0.1773653E+01  0.1642919E-01
  0.1786627E+01  0.1481354E-01
  0.1799601E+01  0.1223104E-01
  0.1812575E+01  0.8861853E-02
  0.1825549E+01  0.4931037E-02
  0.1838523E+01  0.6923100E-03
  0.1851497E+01 -0.3589008E-02
  0.1864471E+01 -0.7652814E-02
  0.1877445E+01 -0.1125975E-01
  0.1890419E+01 -0.1420457E-01
  0.1903393E+01 -0.1632670E-01
  0.1916367E+01 -0.1751757E-01
  0.1929341E+01 -0.1772445E-01
  0.1942315E+01 -0.1695092E-01
  0.1955289E+01 -0.1525417E-01
  0.1968263E+01 -0.1273940E-01
  0.1981238E+01 -0.9552043E-02
  0.1994212E+01 -0.5868201E-02
  0.2007186E+01 -0.1884103E-02
  0.2020160E+01  0.2194889E-02
  0.2033134E+01  0.6165069E-02
  0.2046108E+01  0.9834429E-02
  0.2059082E+01  0.1303151E-01
  0.2072056E+01  0.1561270E-01
  0.2085030E+01  0.1746776E-01
  0.2098004E+01  0.1852338E-01
  0.2110978E+01  0.1874482E-01
  0.2123952E+01  0.1813567E-01
  0.2136926E+01  0.1673587E-01
  0.2149900E+01  0.1461824E-01
  0.2162874E+01  0.1188377E-01
  0.2175848E+01  0.8656001E-02
  0.2188822E+01  0.5074769E-02
  0.2201796E+01  0.1289699E-02
  0.2214770E+01 -0.2546326E-02
  0.2227745E+01 -0.6283401E-02
  0.2240719E+01 -0.9780330E-02
  0.2253693E+01 -0.1290963E-01
  0.2266667E+01 -0.1556173E-01
  0.2279641E+01 -0.1764811E-01
  0.2292615E+01 -0.1910363E-01
  0.2305589E+01 -0.1988762E-01
  0.2318563E+01 -0.1998423E-01
  0.2331537E+01 -0.1940168E-01
  0.2344511E+01 -0.1817084E-01
  0.2357485E+01 -0.1634305E-01
  0.2370459E+01 -0.1398743E-01
  0.2383433E+01 -0.1118768E-01
  0.2396407E+01 -0.8038721E-02
  0.2409381E+01 -0.4643100E-02
  0.2422355E+01 -0.1107432E-02
  0.2435329E+01  0.2461068E-02
  0.2448303E+01  0.5957849E-02
  0.2461277E+01  0.9283979E-02
  0.2474251E+01  0.1234875E-01
  0.2487226E+01  0.1507184E-01
  0.2500200E+01  0.1738511E-01
  0.2513174E+01  0.1923378E-01
  0.2526148E+01  0.2057736E-01
  0.2539122E+01  0.2138989E-01
  0.2552096E+01  0.2165999E-01
  0.2565070E+01  0.2139035E-01
  0.2578044E+01  0.2059697E-01
  0.2591018E+01  0.1930807E-01
  0.2603992E+01  0.1756276E-01
  0.2616966E+01  0.1540958E-01
  0.2629940E+01  0.1290479E-01
  0.2642914E+01  0.1011072E-01
  0.2655888E+01  0.7093995E-02
  0.2668862E+01  0.3923797E-02
  0.2681836E+01  0.6702093E-03
  0.2694810E+01 -0.2597370E-02
  0.2707784E+01 -0.5811685E-02
  0.2720758E+01 -0.8908936E-02
  0.2733733E+01 -0.1182993E-01
  0.2746707E+01 -0.1452103E-01
  0.2759681E+01 -0.1693498E-01
  0.2772655E+01 -0.1903148E-01
  0.2785629E+01 -0.2077761E-01
  0.2798603E+01 -0.2214807E-01
  0.2811577E+01 -0.2312529E-01
  0.2824551E+01 -0.2369929E-01
  0.2837525E+01 -0.2386750E-01
  0.2850499E+01 -0.2363442E-01
  0.2863473E+01 -0.2301114E-01
  0.2876447E+01 -0.2201484E-01
  0.2889421E+01 -0.2066812E-01
  0.2902395E+01 -0.1899840E-01
  0.2915369E+01 -0.1703718E-01
  0.2928343E+01 -0.1481931E-01
  0.2941317E+01 -0.1238227E-01
  0.2954291E+01 -0.9765460E-02
  0.2967265E+01 -0.7009460E-02
  0.2980240E+01 -0.4155386E-02
  0.2993214E+01 -0.1244240E-02
  0.3006188E+01  0.1683680E-02
  0.3019162E+01  0.4589320E-02
  0.3032136E+01  0.7435350E-02
  0.3045110E+01  0.1018659E-01
  0.3058084E+01  0.1281037E-01
  0.3071058E+01  0.1527685E-01
  0.3084032E+01  0.1755921E-01
  0.3097006E+01  0.1963390E-01
  0.3109980E+01  0.2148071E-01
  0.3122954E+01  0.2308287E-01
  0.3135928E+01  0.2442706E-01
  0.3148902E+01  0.2550338E-01
  0.3161876E+01  0.2630528E-01
  0.3174850E+01  0.2682946E-01
  0.3187824E+01  0.2707574E-01
  0.3200798E+01  0.2704687E-01
  0.3213772E+01  0.2674835E-01
  0.3226747E+01  0.2618821E-01
  0.3239721E+01  0.2537681E-01
  0.3252695E+01  0.2432657E-01
  0.3265669E+01  0.2305175E-01
  0.3278643E+01  0.2156818E-01
  0.3291617E+01  0.1989305E-01
  0.3304591E+01  0.1804464E-01
  0.3317565E+01  0.1604206E-01
  0.3330539E+01  0.1390507E-01
  0.3343513E+01  0.1165383E-01
  0.3356487E+01  0.9308688E-02
  0.3369461E+01  0.6890003E-02
  0.3382435E+01  0.4417941E-02
  0.3395409E+01  0.1912320E-02
  0.3408383E+01 -0.6075423E-03
  0.3421357E+01 -0.3122969E-02
  0.3434331E+01 -0.5616041E-02
  0.3447305E+01 -0.8069706E-02
  0.3460279E+01 -0.1046786E-01
  0.3473253E+01 -0.1279545E-01
  0.3486228E+01 -0.1503847E-01
  0.3499202E+01 -0.1718409E-01
  0.3512176E+01 -0.1922063E-01
  0.3525150E+01 -0.2113760E-01
  0.3538124E+01 -0.2292572E-01
  0.3551098E+01 -0.2457689E-01
  0.3564072E+01 -0.2608421E-01
  0.3577046E+01 -0.2744195E-01
  0.3590020E+01 -0.2864551E-01
  0.3602994E+01 -0.2969140E-01
  0.3615968E+01 -0.3057721E-01
  0.3628942E+01 -0.3130152E-01
  0.3641916E+01 -0.3186391E-01
  0.3654890E+01 -0.3226487E-01
  0.3667864E+01 -0.3250573E-01
  0.3680838E+01 -0.3258864E-01
  0.3693812E+01 -0.3251651E-01
  0.3706786E+01 -0.3229289E-01
  0.3719760E+01 -0.3192198E-01
  0.3732735E+01 -0.3140853E-01
  0.3745709E+01 -0.3075779E-01
  0.3758683E+01 -0.2997545E-01
  0.3771657E+01 -0.2906758E-01
  0.3784631E+01 -0.2804059E-01
  0.3797605E+01 -0.2690113E-01
  0.3810579E+01 -0.2565610E-01
  0.3823553E+01 -0.2431256E-01
  0.3836527E+01 -0.2287769E-01
  0.3849501E+01 -0.2135875E-01
  0.3862475E+01 -0.1976303E-01
  0.3875449E+01 -0.1809783E-01
  0.3888423E+01 -0.1637042E-01
  0.3901397E+01 -0.1458796E-01
  0.3914371E+01 -0.1275756E-01
  0.3927345E+01 -0.1088616E-01
  0.3940319E+01 -0.8980554E-02
  0.3953293E+01 -0.7047379E-02
  0.3966267E+01 -0.5093056E-02
  0.3979242E+01 -0.3123798E-02
  0.3992216E+01 -0.1145590E-02
  0.4005190E+01  0.8358237E-03
  0.4018164E+01  0.2814953E-02
  0.4031138E+01  0.4786565E-02
  0.4044112E+01  0.6745695E-02
  0.4057086E+01  0.8687649E-02
  0.4070060E+01  0.1060801E-01
  0.4083034E+01  0.1250263E-01
  0.4096008E+01  0.1436764E-01
  0.4108982E+01  0.1619945E-01
  0.4121956E+01  0.1799475E-01
  0.4134930E+01  0.1975047E-01
  0.4147904E+01  0.2146382E-01
  0.4160878E+01  0.2313229E-01
  0.4173852E+01  0.2475359E-01
  0.4186826E+01  0.2632569E-01
  0.4199800E+01  0.2784679E-01
  0.4212774E+01  0.2931534E-01
  0.4225749E+01  0.3072999E-01
  0.4238723E+01  0.3208962E-01
  0.4251697E+01  0.3339330E-01
  0.4264671E+01  0.3464030E-01
  0.4277645E+01  0.3583008E-01
  0.4290619E+01  0.3696228E-01
  0.4303593E+01  0.3803669E-01
  0.4316567E+01  0.3905328E-01
  0.4329541E+01  0.4001215E-01
  0.4342515E+01  0.4091354E-01
  0.4355489E+01  0.4175783E-01
  0.4368463E+01  0.4254552E-01
  0.4381437E+01  0.4327721E-01
  0.4394411E+01  0.4395362E-01
  0.4407385E+01  0.4457555E-01
  0.4420359E+01  0.4514390E-01
  0.4433333E+01  0.4565962E-01
  0.4446307E+01  0.4612378E-01
  0.4459281E+01  0.4653747E-01
  0.4472255E+01  0.4690187E-01
  0.4485230E+01  0.4721817E-01
  0.4498204E+01  0.4748765E-01
  0.4511178E+01  0.4771160E-01
  0.4524152E+01  0.4789134E-01
  0.4537126E+01  0.4802824E-01
  0.4550100E+01  0.4812366E-01
  0.4563074E+01  0.4817900E-01
  0.4576048E+01  0.4819567E-01
  0.4589022E+01  0.4817507E-01
  0.4601996E+01  0.4811862E-01
  0.4614970E+01  0.4802773E-01
  0.4627944E+01  0.4790382E-01
  0.4640918E+01  0.4774829E-01
  0.4653892E+01  0.4756252E-01
  0.4666866E+01  0.4734791E-01
  0.4679840E+01  0.4710582E-01
  0.4692814E+01  0.4683758E-01
  0.4705788E+01  0.4654454E-01
  0.4718762E+01  0.4622799E-01
  0.4731737E+01  0.4588922E-01
  0.4744711E+01  0.4552949E-01
  0.4757685E+01  0.4515001E-01
  0.4770659E+01  0.4475201E-01
  0.4783633E+01  0.4433664E-01
  0.4796607E+01  0.4390505E-01
  0.4809581E+01  0.4345837E-01
  0.4822555E+01  0.4299767E-01
  0.4835529E+01  0.4252400E-01
  0.4848503E+01  0.4203839E-01
  0.4861477E+01  0.4154183E-01
  0.4874451E+01  0.4103526E-01
  0.4887425E+01  0.4051962E-01
  0.4900399E+01  0.3999580E-01
  0.4913373E+01  0.3946466E-01
  0.4926347E+01  0.3892702E-01
  0.4939321E+01  0.3838369E-01
  0.4952295E+01  0.3783542E-01
  0.4965269E+01  0.3728297E-01
  0.4978244E+01  0.3672702E-01
  0.4991218E+01  0.3616825E-01
  0.5004192E+01  0.3560731E-01
  0.5017166E+01  0.3504481E-01
  0.5030140E+01  0.3448134E-01
  0.5043114E+01  0.3391746E-01
  0.5056088E+01  0.3335370E-01
  0.5069062E+01  0.3279057E-01
  0.5082036E+01  0.3222854E-01
  0.5095010E+01  0.3166807E-01
  0.5107984E+01  0.3110958E-01
  0.5120958E+01  0.3055349E-01
  0.5133932E+01  0.3000017E-01
  0.5146906E+01  0.2944999E-01
  0.5159880E+01  0.2890327E-01
  0.5172854E+01  0.2836035E-01
  0.5185828E+01  0.2782150E-01
  0.5198802E+01  0.2728702E-01
  0.5211776E+01  0.2675715E-01
  0.5224750E+01  0.2623213E-01
  0.5237725E+01  0.2571218E-01
  0.5250699E+01  0.2519751E-01
  0.5263673E+01  0.2468830E-01
  0.5276647E+01  0.2418473E-01
  0.5289621E+01  0.2368695E-01
  0.5302595E+01  0.2319510E-01
  0.5315569E+01  0.2270930E-01
  0.5328543E+01  0.2222968E-01
  0.5341517E+01  0.2175633E-01
  0.5354491E+01  0.2128935E-01
  0.5367465E+01  0.2082880E-01
  0.5380439E+01  0.2037476E-01
  0.5393413E+01  0.1992729E-01
  0.5406387E+01  0.1948642E-01
  0.5419361E+01  0.1905219E-01
  0.5432335E+01  0.1862463E-01
  0.5445309E+01  0.1820376E-01
  0.5458283E+01  0.1778959E-01
  0.5471257E+01  0.1738212E-01
  0.5484232E+01  0.1698135E-01
  0.5497206E+01  0.1658726E-01
  0.5510180E+01  0.1619984E-01
  0.5523154E+01  0.1581905E-01
  0.5536128E+01  0.1544488E-01
  0.5549102E+01  0.1507728E-01
  0.5562076E+01  0.1471621E-01
  0.5575050E+01  0.1436164E-01
  0.5588024E+01  0.1401350E-01
  0.5600998E+01  0.1367174E-01
  0.5613972E+01  0.1333631E-01
  0.5626946E+01  0.1300715E-01
  0.5639920E+01  0.1268418E-01
  0.5652894E+01  0.1236734E-01
  0.5665868E+01  0.1205657E-01
  0.5678842E+01  0.1175177E-01
  0.5691816E+01  0.1145289E-01
  0.5704790E+01  0.1115984E-01
  0.5717764E+01  0.1087254E-01
  0.5730739E+01  0.1059091E-01
  0.5743713E+01  0.1031486E-01
  0.5756687E+01  0.1004431E-01
  0.5769661E+01  0.9779181E-02
  0.5782635E+01  0.9519373E-02
  0.5795609E+01  0.9264802E-02
  0.5808583E+01  0.9015378E-02
  0.5821557E+01  0.8771011E-02
  0.5834531E+01  0.8531610E-02
  0.5847505E+01  0.8297083E-02
  0.5860479E+01  0.8067338E-02
  0.5873453E+01  0.7842283E-02
  0.5886427E+01  0.7621826E-02
  0.5899401E+01  0.7405873E-02
  0.5912375E+01  0.7194333E-02
  0.5925349E+01  0.6987111E-02
  0.5938323E+01  0.6784116E-02
  0.5951297E+01  0.6585255E-02
  0.5964271E+01  0.6390436E-02
  0.5977246E+01  0.6199566E-02
  0.5990220E+01  0.6012555E-02
  0.6003194E+01  0.5829309E-02
  0.6016168E+01  0.5649740E-02
  0.6029142E+01  0.5473755E-02
  0.6042116E+01  0.5301264E-02
  0.6055090E+01  0.5132179E-02
  0.6068064E+01  0.4966410E-02
  0.6081038E+01  0.4803868E-02
  0.6094012E+01  0.4644465E-02
  0.6106986E+01  0.4488114E-02
  0.6119960E+01  0.4334728E-02
  0.6132934E+01  0.4184221E-02
  0.6145908E+01  0.4036506E-02
  0.6158882E+01  0.3891500E-02
  0.6171856E+01  0.3749116E-02
  0.6184830E+01  0.3609272E-02
  0.6197804E+01  0.3471884E-02
  0.6210778E+01  0.3336869E-02
  0.6223752E+01  0.3204146E-02
  0.6236727E+01  0.3073632E-02
  0.6249701E+01  0.2945248E-02
  0.6262675E+01  0.2818911E-02
  0.6275649E+01  0.2694544E-02
  0.6288623E+01  0.2572065E-02
  0.6301597E+01  0.2451397E-02
  0.6314571E+01  0.2332461E-02
  0.6327545E+01  0.2215179E-02
  0.6340519E+01  0.2099474E-02
  0.6353493E+01  0.1985269E-02
  0.6366467E+01  0.1872487E-02
  0.6379441E+01  0.1761051E-02
  0.6392415E+01  0.1650887E-02
  0.6405389E+01  0.1541918E-02
  0.6418363E+01  0.1434070E-02
  0.6431337E+01  0.1327266E-02
  0.6444311E+01  0.1221433E-02
  0.6457285E+01  0.1116495E-02
  0.6470259E+01  0.1012378E-02
  0.6483234E+01  0.9090073E-03
  0.6496208E+01  0.8063093E-03
  0.6509182E+01  0.7042092E-03
  0.6522156E+01  0.6026328E-03
  0.6535130E+01  0.5015057E-03
  0.6548104E+01  0.4007535E-03
  0.6561078E+01  0.3003017E-03
  0.6574052E+01  0.2000755E-03
  0.6587026E+01  0.1000000E-03
  0.6600000E+01  0.0000000E+00
