  0.1000000E+00  0.0000000E+00
  0.1139442E+00  0.1779580E-06
  0.1278884E+00  0.4810584E-06
  0.1418327E+00  0.1101528E-05
  0.1557769E+00  0.2403013E-05
  0.1697211E+00  0.5095064E-05
  0.1836653E+00  0.1054325E-04
  0.1976096E+00  0.2131545E-04
  0.2115538E+00  0.4212038E-04
  0.2254980E+00  0.8137435E-04
  0.2394422E+00  0.1537382E-03
  0.2533865E+00  0.2840985E-03
  0.2673307E+00  0.5136159E-03
  0.2812749E+00  0.9086028E-03
  0.2952191E+00  0.1573093E-02
  0.3091633E+00  0.2665948E-02
  0.3231076E+00  0.4423159E-02
  0.3370518E+00  0.7185477E-02
  0.3509960E+00  0.1143068E-01
  0.3649402E+00  0.1780834E-01
  0.3788845E+00  0.2717326E-01
  0.3928287E+00  0.4061136E-01
  0.4067729E+00  0.5944948E-01
  0.4207171E+00  0.8523850E-01
  0.4346614E+00  0.1196977E+00
  0.4486056E+00  0.1646087E+00
  0.4625498E+00  0.2216500E+00
  0.4764940E+00  0.2921681E+00
  0.4904382E+00  0.3768909E+00
  0.5043825E+00  0.4755993E+00
  0.5183267E+00  0.5867888E+00
  0.5322709E+00  0.7073630E+00
  0.5462151E+00  0.8324168E+00
  0.5601594E+00  0.9551686E+00
  0.5741036E+00  0.1067102E+01
  0.5880478E+00  0.1158361E+01
  0.6019920E+00  0.1218423E+01
  0.6159363E+00  0.1237031E+01
  0.6298805E+00  0.1205336E+01
  0.6438247E+00  0.1117130E+01
  0.6577689E+00  0.9700591E+00
  0.6717131E+00  0.7666118E+00
  0.6856574E+00  0.5147381E+00
  0.6996016E+00  0.2279292E+00
  0.7135458E+00 -0.7534404E-01
  0.7274900E+00 -0.3728701E+00
  0.7414343E+00 -0.6405602E+00
  0.7553785E+00 -0.8547858E+00
  0.7693227E+00 -0.9949552E+00
  0.7832669E+00 -0.1046031E+01
  0.7972112E+00 -0.1000660E+01
  0.8111554E+00 -0.8606042E+00
  0.8250996E+00 -0.6372290E+00
  0.8390438E+00 -0.3509006E+00
  0.8529880E+00 -0.2928388E-01
  0.8669323E+00  0.2953240E+00
  0.8808765E+00  0.5893549E+00
  0.8948207E+00  0.8216479E+00
  0.9087649E+00  0.9670042E+00
  0.9227092E+00  0.1009179E+01
  0.9366534E+00  0.9429184E+00
  0.9505976E+00  0.7747733E+00
  0.9645418E+00  0.5225472E+00
  0.9784861E+00  0.2134327E+00
  0.9924303E+00 -0.1189656E+00
  0.1006375E+01 -0.4383725E+00
  0.1020319E+01 -0.7099055E+00
  0.1034263E+01 -0.9039794E+00
  0.1048207E+01 -0.9995908E+00
  0.1062151E+01 -0.9866059E+00
  0.1076096E+01 -0.8667950E+00
  0.1090040E+01 -0.6535151E+00
  0.1103984E+01 -0.3701034E+00
  0.1117928E+01 -0.4719162E-01
  0.1131873E+01  0.2807260E+00
  0.1145817E+01  0.5790663E+00
  0.1159761E+01  0.8168428E+00
  0.1173705E+01  0.9698604E+00
  0.1187649E+01  0.1023089E+01
  0.1201594E+01  0.9719953E+00
  0.1215538E+01  0.8227249E+00
  0.1229482E+01  0.5911810E+00
  0.1243426E+01  0.3011334E+00
  0.1257371E+01 -0.1839094E-01
  0.1271315E+01 -0.3361354E+00
  0.1285259E+01 -0.6217301E+00
  0.1299203E+01 -0.8485808E+00
  0.1313147E+01 -0.9962594E+00
  0.1327092E+01 -0.1052189E+01
  0.1341036E+01 -0.1012510E+01
  0.1354980E+01 -0.8820872E+00
  0.1368924E+01 -0.6737198E+00
  0.1382869E+01 -0.4066782E+00
  0.1396813E+01 -0.1047417E+00
  0.1410757E+01  0.2060463E+00
  0.1424701E+01  0.4996906E+00
  0.1438645E+01  0.7524149E+00
  0.1452590E+01  0.9445158E+00
  0.1466534E+01  0.1061765E+01
  0.1480478E+01  0.1096281E+01
  0.1494422E+01  0.1046831E+01
  0.1508367E+01  0.9185958E+00
  0.1522311E+01  0.7224493E+00
  0.1536255E+01  0.4738535E+00
  0.1550199E+01  0.1914861E+00
  0.1564143E+01 -0.1042748E+00
  0.1578088E+01 -0.3928801E+00
  0.1592032E+01 -0.6550435E+00
  0.1605976E+01 -0.8739812E+00
  0.1619920E+01 -0.1036389E+01
  0.1633865E+01 -0.1133112E+01
  0.1647809E+01 -0.1159486E+01
  0.1661753E+01 -0.1115369E+01
  0.1675697E+01 -0.1004869E+01
  0.1689641E+01 -0.8358413E+00
  0.1703586E+01 -0.6191854E+00
  0.1717530E+01 -0.3680230E+00
  0.1731474E+01 -0.9680893E-01
  0.1745418E+01  0.1795604E+00
  0.1759363E+01  0.4465875E+00
  0.1773307E+01  0.6909210E+00
  0.1787251E+01  0.9009754E+00
  0.1801195E+01  0.1067401E+01
  0.1815139E+01  0.1183399E+01
  0.1829084E+01  0.1244868E+01
  0.1843028E+01  0.1250416E+01
  0.1856972E+01  0.1201223E+01
  0.1870916E+01  0.1100801E+01
  0.1884861E+01  0.9546644E+00
  0.1898805E+01  0.7699387E+00
  0.1912749E+01  0.5549327E+00
  0.1926693E+01  0.3187022E+00
  0.1940637E+01  0.7062284E-01
  0.1954582E+01 -0.1800076E+00
  0.1968526E+01 -0.4243234E+00
  0.1982470E+01 -0.6541909E+00
  0.1996414E+01 -0.8624485E+00
  0.2010359E+01 -0.1043083E+01
  0.2024303E+01 -0.1191342E+01
  0.2038247E+01 -0.1303790E+01
  0.2052191E+01 -0.1378306E+01
  0.2066135E+01 -0.1414034E+01
  0.2080080E+01 -0.1411298E+01
  0.2094024E+01 -0.1371479E+01
  0.2107968E+01 -0.1296878E+01
  0.2121912E+01 -0.1190556E+01
  0.2135857E+01 -0.1056172E+01
  0.2149801E+01 -0.8978179E+00
  0.2163745E+01 -0.7198632E+00
  0.2177689E+01 -0.5268058E+00
  0.2191633E+01 -0.3231378E+00
  0.2205578E+01 -0.1132285E+00
  0.2219522E+01  0.9877555E-01
  0.2233466E+01  0.3090315E+00
  0.2247410E+01  0.5140623E+00
  0.2261355E+01  0.7108016E+00
  0.2275299E+01  0.8966208E+00
  0.2289243E+01  0.1069342E+01
  0.2303187E+01  0.1227237E+01
  0.2317131E+01  0.1369015E+01
  0.2331076E+01  0.1493800E+01
  0.2345020E+01  0.1601103E+01
  0.2358964E+01  0.1690785E+01
  0.2372908E+01  0.1763022E+01
  0.2386853E+01  0.1818260E+01
  0.2400797E+01  0.1857177E+01
  0.2414741E+01  0.1880640E+01
  0.2428685E+01  0.1889664E+01
  0.2442629E+01  0.1885379E+01
  0.2456574E+01  0.1868990E+01
  0.2470518E+01  0.1841750E+01
  0.2484462E+01  0.1804927E+01
  0.2498406E+01  0.1759785E+01
  0.2512351E+01  0.1707559E+01
  0.2526295E+01  0.1649440E+01
  0.2540239E+01  0.1586560E+01
  0.2554183E+01  0.1519980E+01
  0.2568127E+01  0.1450687E+01
  0.2582072E+01  0.1379582E+01
  0.2596016E+01  0.1307483E+01
  0.2609960E+01  0.1235119E+01
  0.2623904E+01  0.1163136E+01
  0.2637849E+01  0.1092094E+01
  0.2651793E+01  0.1022475E+01
  0.2665737E+01  0.9546823E+00
  0.2679681E+01  0.8890506E+00
  0.2693625E+01  0.8258471E+00
  0.2707570E+01  0.7652790E+00
  0.2721514E+01  0.7074990E+00
  0.2735458E+01  0.6526109E+00
  0.2749402E+01  0.6006753E+00
  0.2763347E+01  0.5517150E+00
  0.2777291E+01  0.5057199E+00
  0.2791235E+01  0.4626523E+00
  0.2805179E+01  0.4224512E+00
  0.2819124E+01  0.3850364E+00
  0.2833068E+01  0.3503124E+00
  0.2847012E+01  0.3181716E+00
  0.2860956E+01  0.2884978E+00
  0.2874900E+01  0.2611682E+00
  0.2888845E+01  0.2360563E+00
  0.2902789E+01  0.2130338E+00
  0.2916733E+01  0.1919719E+00
  0.2930677E+01  0.1727435E+00
  0.2944622E+01  0.1552237E+00
  0.2958566E+01  0.1392912E+00
  0.2972510E+01  0.1248287E+00
  0.2986454E+01  0.1117239E+00
  0.3000398E+01  0.9986960E-01
  0.3014343E+01  0.8916429E-01
  0.3028287E+01  0.7951199E-01
  0.3042231E+01  0.7082258E-01
  0.3056175E+01  0.6301169E-01
  0.3070120E+01  0.5600066E-01
  0.3084064E+01  0.4971639E-01
  0.3098008E+01  0.4409121E-01
  0.3111952E+01  0.3906261E-01
  0.3125896E+01  0.3457306E-01
  0.3139841E+01  0.3056972E-01
  0.3153785E+01  0.2700423E-01
  0.3167729E+01  0.2383239E-01
  0.3181673E+01  0.2101391E-01
  0.3195618E+01  0.1851217E-01
  0.3209562E+01  0.1629390E-01
  0.3223506E+01  0.1432900E-01
  0.3237450E+01  0.1259024E-01
  0.3251394E+01  0.1105304E-01
  0.3265339E+01  0.9695265E-02
  0.3279283E+01  0.8497004E-02
  0.3293227E+01  0.7440373E-02
  0.3307171E+01  0.6509334E-02
  0.3321116E+01  0.5689523E-02
  0.3335060E+01  0.4968090E-02
  0.3349004E+01  0.4333556E-02
  0.3362948E+01  0.3775672E-02
  0.3376892E+01  0.3285298E-02
  0.3390837E+01  0.2854289E-02
  0.3404781E+01  0.2475385E-02
  0.3418725E+01  0.2142121E-02
  0.3432669E+01  0.1848735E-02
  0.3446614E+01  0.1590091E-02
  0.3460558E+01  0.1361601E-02
  0.3474502E+01  0.1159164E-02
  0.3488446E+01  0.9790966E-03
  0.3502390E+01  0.8180848E-03
  0.3516335E+01  0.6731253E-03
  0.3530279E+01  0.5414793E-03
  0.3544223E+01  0.4206265E-03
  0.3558167E+01  0.3082213E-03
  0.3572112E+01  0.2020520E-03
  0.3586056E+01  0.1000000E-03
  0.3600000E+01  0.0000000E+00
