  0.1000000E+00  0.0000000E+00
  0.1124688E+00  0.4850727E-06
  0.1249377E+00  0.1237005E-05
  0.1374065E+00  0.2630723E-05
  0.1498753E+00  0.5310314E-05
  0.1623441E+00  0.1043264E-04
  0.1748130E+00  0.2006608E-04
  0.1872818E+00  0.3784546E-04
  0.1997506E+00  0.7002951E-04
  0.2122195E+00  0.1271682E-03
  0.2246883E+00  0.2266666E-03
  0.2371571E+00  0.3966221E-03
  0.2496259E+00  0.6814129E-03
  0.2620948E+00  0.1149600E-02
  0.2745636E+00  0.1904760E-02
  0.2870324E+00  0.3099853E-02
  0.2995012E+00  0.4955574E-02
  0.3119701E+00  0.7782840E-02
  0.3244389E+00  0.1200900E-01
  0.3369077E+00  0.1820653E-01
  0.3493766E+00  0.2712178E-01
  0.3618454E+00  0.3970002E-01
  0.3743142E+00  0.5710138E-01
  0.3867830E+00  0.8070063E-01
  0.3992519E+00  0.1120626E+00
  0.4117207E+00  0.1528844E+00
  0.4241895E+00  0.2048959E+00
  0.4366584E+00  0.2697129E+00
  0.4491272E+00  0.3486394E+00
  0.4615960E+00  0.4424245E+00
  0.4740648E+00  0.5509846E+00
  0.4865337E+00  0.6731123E+00
  0.4990025E+00  0.8062033E+00
  0.5114713E+00  0.9460407E+00
  0.5239401E+00  0.1086682E+01
  0.5364090E+00  0.1220493E+01
  0.5488778E+00  0.1338379E+01
  0.5613466E+00  0.1430222E+01
  0.5738155E+00  0.1485555E+01
  0.5862843E+00  0.1494435E+01
  0.5987531E+00  0.1448471E+01
  0.6112219E+00  0.1341888E+01
  0.6236908E+00  0.1172685E+01
  0.6361596E+00  0.9434078E+00
  0.6486284E+00  0.6617469E+00
  0.6610973E+00  0.3406669E+00
  0.6735661E+00 -0.2000079E-02
  0.6860349E+00 -0.3445332E+00
  0.6985037E+00 -0.6628550E+00
  0.7109726E+00 -0.9325237E+00
  0.7234414E+00 -0.1131022E+01
  0.7359102E+00 -0.1240120E+01
  0.7483791E+00 -0.1248049E+01
  0.7608479E+00 -0.1151223E+01
  0.7733167E+00 -0.9552574E+00
  0.7857855E+00 -0.6750999E+00
  0.7982544E+00 -0.3341871E+00
  0.8107232E+00  0.3737166E-01
  0.8231920E+00  0.4054448E+00
  0.8356608E+00  0.7351250E+00
  0.8481297E+00  0.9942421E+00
  0.8605985E+00  0.1156762E+01
  0.8730673E+00  0.1205682E+01
  0.8855362E+00  0.1135071E+01
  0.8980050E+00  0.9509955E+00
  0.9104738E+00  0.6711700E+00
  0.9229426E+00  0.3233520E+00
  0.9354115E+00 -0.5739303E-01
  0.9478803E+00 -0.4322687E+00
  0.9603491E+00 -0.7627868E+00
  0.9728180E+00 -0.1014827E+01
  0.9852868E+00 -0.1162265E+01
  0.9977556E+00 -0.1189769E+01
  0.1010224E+01 -0.1094447E+01
  0.1022693E+01 -0.8861613E+00
  0.1035162E+01 -0.5864854E+00
  0.1047631E+01 -0.2264094E+00
  0.1060100E+01  0.1569381E+00
  0.1072569E+01  0.5241947E+00
  0.1085037E+01  0.8378661E+00
  0.1097506E+01  0.1066184E+01
  0.1109975E+01  0.1186317E+01
  0.1122444E+01  0.1186601E+01
  0.1134913E+01  0.1067580E+01
  0.1147382E+01  0.8417793E+00
  0.1159850E+01  0.5322527E+00
  0.1172319E+01  0.1701018E+00
  0.1184788E+01 -0.2087612E+00
  0.1197257E+01 -0.5672504E+00
  0.1209726E+01 -0.8707659E+00
  0.1222195E+01 -0.1090510E+01
  0.1234663E+01 -0.1206139E+01
  0.1247132E+01 -0.1207525E+01
  0.1259601E+01 -0.1095473E+01
  0.1272070E+01 -0.8813800E+00
  0.1284539E+01 -0.5859058E+00
  0.1297007E+01 -0.2368190E+00
  0.1309476E+01  0.1337376E+00
  0.1321945E+01  0.4922846E+00
  0.1334414E+01  0.8070545E+00
  0.1346883E+01  0.1050770E+01
  0.1359352E+01  0.1202913E+01
  0.1371820E+01  0.1251313E+01
  0.1384289E+01  0.1192938E+01
  0.1396758E+01  0.1033867E+01
  0.1409227E+01  0.7884865E+00
  0.1421696E+01  0.4780161E+00
  0.1434165E+01  0.1285337E+00
  0.1446633E+01 -0.2313176E+00
  0.1459102E+01 -0.5727270E+00
  0.1471571E+01 -0.8690184E+00
  0.1484040E+01 -0.1097676E+01
  0.1496509E+01 -0.1241947E+01
  0.1508978E+01 -0.1291924E+01
  0.1521446E+01 -0.1245040E+01
  0.1533915E+01 -0.1105996E+01
  0.1546384E+01 -0.8861340E+00
  0.1558853E+01 -0.6023611E+00
  0.1571322E+01 -0.2757140E+00
  0.1583791E+01  0.7029725E-01
  0.1596259E+01  0.4114375E+00
  0.1608728E+01  0.7244545E+00
  0.1621197E+01  0.9886294E+00
  0.1633666E+01  0.1187071E+01
  0.1646135E+01  0.1307685E+01
  0.1658603E+01  0.1343767E+01
  0.1671072E+01  0.1294216E+01
  0.1683541E+01  0.1163369E+01
  0.1696010E+01  0.9604969E+00
  0.1708479E+01  0.6990248E+00
  0.1720948E+01  0.3955292E+00
  0.1733416E+01  0.6860630E-01
  0.1745885E+01 -0.2623197E+00
  0.1758354E+01 -0.5781688E+00
  0.1770823E+01 -0.8612886E+00
  0.1783292E+01 -0.1096393E+01
  0.1795761E+01 -0.1271311E+01
  0.1808229E+01 -0.1377514E+01
  0.1820698E+01 -0.1410419E+01
  0.1833167E+01 -0.1369445E+01
  0.1845636E+01 -0.1257866E+01
  0.1858105E+01 -0.1082460E+01
  0.1870574E+01 -0.8530030E+00
  0.1883042E+01 -0.5816335E+00
  0.1895511E+01 -0.2821462E+00
  0.1907980E+01  0.3075983E-01
  0.1920449E+01  0.3422268E+00
  0.1932918E+01  0.6379458E+00
  0.1945387E+01  0.9047935E+00
  0.1957855E+01  0.1131373E+01
  0.1970324E+01  0.1308441E+01
  0.1982793E+01  0.1429209E+01
  0.1995262E+01  0.1489519E+01
  0.2007731E+01  0.1487891E+01
  0.2020200E+01  0.1425448E+01
  0.2032668E+01  0.1305742E+01
  0.2045137E+01  0.1134488E+01
  0.2057606E+01  0.9192237E+00
  0.2070075E+01  0.6689223E+00
  0.2082544E+01  0.3935715E+00
  0.2095012E+01  0.1037426E+00
  0.2107481E+01 -0.1898350E+00
  0.2119950E+01 -0.4766754E+00
  0.2132419E+01 -0.7469019E+00
  0.2144888E+01 -0.9915651E+00
  0.2157357E+01 -0.1202906E+01
  0.2169825E+01 -0.1374559E+01
  0.2182294E+01 -0.1501692E+01
  0.2194763E+01 -0.1581081E+01
  0.2207232E+01 -0.1611135E+01
  0.2219701E+01 -0.1591849E+01
  0.2232170E+01 -0.1524728E+01
  0.2244638E+01 -0.1412650E+01
  0.2257107E+01 -0.1259708E+01
  0.2269576E+01 -0.1071019E+01
  0.2282045E+01 -0.8525182E+00
  0.2294514E+01 -0.6107448E+00
  0.2306983E+01 -0.3526210E+00
  0.2319451E+01 -0.8524062E-01
  0.2331920E+01  0.1843336E+00
  0.2344389E+01  0.4492569E+00
  0.2356858E+01  0.7030691E+00
  0.2369327E+01  0.9398389E+00
  0.2381796E+01  0.1154283E+01
  0.2394264E+01  0.1341859E+01
  0.2406733E+01  0.1498833E+01
  0.2419202E+01  0.1622322E+01
  0.2431671E+01  0.1710310E+01
  0.2444140E+01  0.1761643E+01
  0.2456608E+01  0.1776004E+01
  0.2469077E+01  0.1753870E+01
  0.2481546E+01  0.1696454E+01
  0.2494015E+01  0.1605632E+01
  0.2506484E+01  0.1483865E+01
  0.2518953E+01  0.1334114E+01
  0.2531421E+01  0.1159745E+01
  0.2543890E+01  0.9644415E+00
  0.2556359E+01  0.7521088E+00
  0.2568828E+01  0.5267889E+00
  0.2581297E+01  0.2925744E+00
  0.2593766E+01  0.5353027E-01
  0.2606234E+01 -0.1863776E+00
  0.2618703E+01 -0.4233464E+00
  0.2631172E+01 -0.6537918E+00
  0.2643641E+01 -0.8743950E+00
  0.2656110E+01 -0.1082141E+01
  0.2668579E+01 -0.1274347E+01
  0.2681047E+01 -0.1448685E+01
  0.2693516E+01 -0.1603195E+01
  0.2705985E+01 -0.1736288E+01
  0.2718454E+01 -0.1846748E+01
  0.2730923E+01 -0.1933723E+01
  0.2743392E+01 -0.1996715E+01
  0.2755860E+01 -0.2035558E+01
  0.2768329E+01 -0.2050401E+01
  0.2780798E+01 -0.2041683E+01
  0.2793267E+01 -0.2010106E+01
  0.2805736E+01 -0.1956605E+01
  0.2818204E+01 -0.1882322E+01
  0.2830673E+01 -0.1788576E+01
  0.2843142E+01 -0.1676830E+01
  0.2855611E+01 -0.1548665E+01
  0.2868080E+01 -0.1405750E+01
  0.2880549E+01 -0.1249818E+01
  0.2893017E+01 -0.1082637E+01
  0.2905486E+01 -0.9059876E+00
  0.2917955E+01 -0.7216423E+00
  0.2930424E+01 -0.5313456E+00
  0.2942893E+01 -0.3367962E+00
  0.2955362E+01 -0.1396318E+00
  0.2967830E+01  0.5858392E-01
  0.2980299E+01  0.2563721E+00
  0.2992768E+01  0.4523481E+00
  0.3005237E+01  0.6452280E+00
  0.3017706E+01  0.8338342E+00
  0.3030175E+01  0.1017099E+01
  0.3042643E+01  0.1194065E+01
  0.3055112E+01  0.1363888E+01
  0.3067581E+01  0.1525834E+01
  0.3080050E+01  0.1679278E+01
  0.3092519E+01  0.1823703E+01
  0.3104988E+01  0.1958691E+01
  0.3117456E+01  0.2083924E+01
  0.3129925E+01  0.2199175E+01
  0.3142394E+01  0.2304304E+01
  0.3154863E+01  0.2399254E+01
  0.3167332E+01  0.2484041E+01
  0.3179800E+01  0.2558748E+01
  0.3192269E+01  0.2623521E+01
  0.3204738E+01  0.2678564E+01
  0.3217207E+01  0.2724126E+01
  0.3229676E+01  0.2760502E+01
  0.3242145E+01  0.2788023E+01
  0.3254613E+01  0.2807052E+01
  0.3267082E+01  0.2817977E+01
  0.3279551E+01  0.2821207E+01
  0.3292020E+01  0.2817168E+01
  0.3304489E+01  0.2806297E+01
  0.3316958E+01  0.2789038E+01
  0.3329426E+01  0.2765837E+01
  0.3341895E+01  0.2737144E+01
  0.3354364E+01  0.2703402E+01
  0.3366833E+01  0.2665050E+01
  0.3379302E+01  0.2622519E+01
  0.3391771E+01  0.2576228E+01
  0.3404239E+01  0.2526585E+01
  0.3416708E+01  0.2473983E+01
  0.3429177E+01  0.2418802E+01
  0.3441646E+01  0.2361404E+01
  0.3454115E+01  0.2302133E+01
  0.3466584E+01  0.2241317E+01
  0.3479052E+01  0.2179265E+01
  0.3491521E+01  0.2116269E+01
  0.3503990E+01  0.2052600E+01
  0.3516459E+01  0.1988514E+01
  0.3528928E+01  0.1924244E+01
  0.3541397E+01  0.1860010E+01
  0.3553865E+01  0.1796012E+01
  0.3566334E+01  0.1732433E+01
  0.3578803E+01  0.1669439E+01
  0.3591272E+01  0.1607181E+01
  0.3603741E+01  0.1545794E+01
  0.3616209E+01  0.1485399E+01
  0.3628678E+01  0.1426102E+01
  0.3641147E+01  0.1367998E+01
  0.3653616E+01  0.1311166E+01
  0.3666085E+01  0.1255676E+01
  0.3678554E+01  0.1201585E+01
  0.3691022E+01  0.1148943E+01
  0.3703491E+01  0.1097787E+01
  0.3715960E+01  0.1048145E+01
  0.3728429E+01  0.1000040E+01
  0.3740898E+01  0.9534852E+00
  0.3753367E+01  0.9084865E+00
  0.3765835E+01  0.8650446E+00
  0.3778304E+01  0.8231541E+00
  0.3790773E+01  0.7828046E+00
  0.3803242E+01  0.7439810E+00
  0.3815711E+01  0.7066641E+00
  0.3828180E+01  0.6708310E+00
  0.3840648E+01  0.6364557E+00
  0.3853117E+01  0.6035094E+00
  0.3865586E+01  0.5719610E+00
  0.3878055E+01  0.5417772E+00
  0.3890524E+01  0.5129232E+00
  0.3902993E+01  0.4853627E+00
  0.3915461E+01  0.4590583E+00
  0.3927930E+01  0.4339719E+00
  0.3940399E+01  0.4100647E+00
  0.3952868E+01  0.3872975E+00
  0.3965337E+01  0.3656310E+00
  0.3977805E+01  0.3450259E+00
  0.3990274E+01  0.3254430E+00
  0.4002743E+01  0.3068433E+00
  0.4015212E+01  0.2891885E+00
  0.4027681E+01  0.2724406E+00
  0.4040150E+01  0.2565623E+00
  0.4052618E+01  0.2415170E+00
  0.4065087E+01  0.2272688E+00
  0.4077556E+01  0.2137829E+00
  0.4090025E+01  0.2010251E+00
  0.4102494E+01  0.1889622E+00
  0.4114963E+01  0.1775622E+00
  0.4127431E+01  0.1667937E+00
  0.4139900E+01  0.1566267E+00
  0.4152369E+01  0.1470319E+00
  0.4164838E+01  0.1379813E+00
  0.4177307E+01  0.1294477E+00
  0.4189776E+01  0.1214050E+00
  0.4202244E+01  0.1138281E+00
  0.4214713E+01  0.1066931E+00
  0.4227182E+01  0.9997668E-01
  0.4239651E+01  0.9365688E-01
  0.4252120E+01  0.8771250E-01
  0.4264589E+01  0.8212331E-01
  0.4277057E+01  0.7686999E-01
  0.4289526E+01  0.7193410E-01
  0.4301995E+01  0.6729806E-01
  0.4314464E+01  0.6294512E-01
  0.4326933E+01  0.5885934E-01
  0.4339401E+01  0.5502556E-01
  0.4351870E+01  0.5142936E-01
  0.4364339E+01  0.4805706E-01
  0.4376808E+01  0.4489566E-01
  0.4389277E+01  0.4193285E-01
  0.4401746E+01  0.3915693E-01
  0.4414214E+01  0.3655685E-01
  0.4426683E+01  0.3412212E-01
  0.4439152E+01  0.3184284E-01
  0.4451621E+01  0.2970963E-01
  0.4464090E+01  0.2771362E-01
  0.4476559E+01  0.2584646E-01
  0.4489027E+01  0.2410024E-01
  0.4501496E+01  0.2246750E-01
  0.4513965E+01  0.2094121E-01
  0.4526434E+01  0.1951472E-01
  0.4538903E+01  0.1818181E-01
  0.4551372E+01  0.1693656E-01
  0.4563840E+01  0.1577344E-01
  0.4576309E+01  0.1468724E-01
  0.4588778E+01  0.1367303E-01
  0.4601247E+01  0.1272620E-01
  0.4613716E+01  0.1184241E-01
  0.4626185E+01  0.1101757E-01
  0.4638653E+01  0.1024785E-01
  0.4651122E+01  0.9529634E-02
  0.4663591E+01  0.8859551E-02
  0.4676060E+01  0.8234418E-02
  0.4688529E+01  0.7651250E-02
  0.4700998E+01  0.7107248E-02
  0.4713466E+01  0.6599783E-02
  0.4725935E+01  0.6126391E-02
  0.4738404E+01  0.5684758E-02
  0.4750873E+01  0.5272713E-02
  0.4763342E+01  0.4888220E-02
  0.4775810E+01  0.4529370E-02
  0.4788279E+01  0.4194370E-02
  0.4800748E+01  0.3881538E-02
  0.4813217E+01  0.3589295E-02
  0.4825686E+01  0.3316159E-02
  0.4838155E+01  0.3060737E-02
  0.4850623E+01  0.2821721E-02
  0.4863092E+01  0.2597881E-02
  0.4875561E+01  0.2388058E-02
  0.4888030E+01  0.2191162E-02
  0.4900499E+01  0.2006163E-02
  0.4912968E+01  0.1832092E-02
  0.4925436E+01  0.1668030E-02
  0.4937905E+01  0.1513108E-02
  0.4950374E+01  0.1366501E-02
  0.4962843E+01  0.1227424E-02
  0.4975312E+01  0.1095131E-02
  0.4987781E+01  0.9689058E-03
  0.5000249E+01  0.8480643E-03
  0.5012718E+01  0.7319472E-03
  0.5025187E+01  0.6199181E-03
  0.5037656E+01  0.5113601E-03
  0.5050125E+01  0.4056723E-03
  0.5062594E+01  0.3022670E-03
  0.5075062E+01  0.2005666E-03
  0.5087531E+01  0.1000000E-03
  0.5100000E+01  0.0000000E+00
