  0.1000000E+00 -0.0000000E+00
  0.1490196E+00 -0.4720322E-05
  0.1980392E+00 -0.4804969E-04
  0.2470588E+00 -0.4084051E-03
  0.2960784E+00 -0.2918318E-02
  0.3450980E+00 -0.1751329E-01
  0.3941176E+00 -0.8817574E-01
  0.4431373E+00 -0.3720798E+00
  0.4921569E+00 -0.1314392E+01
  0.5411765E+00 -0.3880677E+01
  0.5901961E+00 -0.9549904E+01
  0.6392157E+00 -0.1949005E+02
  0.6882353E+00 -0.3266403E+02
  0.7372549E+00 -0.4403818E+02
  0.7862745E+00 -0.4549722E+02
  0.8352941E+00 -0.3093096E+02
  0.8843137E+00 -0.2655275E+01
  0.9333333E+00  0.2695880E+02
  0.9823529E+00  0.4202101E+02
  0.1031373E+01  0.3377134E+02
  0.1080392E+01  0.6855589E+01
  0.1129412E+01 -0.2374032E+02
  0.1178431E+01 -0.4223481E+02
  0.1227451E+01 -0.4071826E+02
  0.1276471E+01 -0.2165433E+02
  0.1325490E+01  0.5699042E+01
  0.1374510E+01  0.3116733E+02
  0.1423529E+01  0.4803341E+02
  0.1472549E+01  0.5435814E+02
  0.1521569E+01  0.5187945E+02
  0.1570588E+01  0.4399792E+02
  0.1619608E+01  0.3406728E+02
  0.1668627E+01  0.2448811E+02
  0.1717647E+01  0.1652938E+02
  0.1766667E+01  0.1056602E+02
  0.1815686E+01  0.6438309E+01
  0.1864706E+01  0.3759576E+01
  0.1913725E+01  0.2113104E+01
  0.1962745E+01  0.1147450E+01
  0.2011765E+01  0.6039060E+00
  0.2060784E+01  0.3089159E+00
  0.2109804E+01  0.1539624E+00
  0.2158824E+01  0.7492745E-01
  0.2207843E+01  0.3567521E-01
  0.2256863E+01  0.1664757E-01
  0.2305882E+01  0.7625552E-02
  0.2354902E+01  0.3433186E-02
  0.2403922E+01  0.1520275E-02
  0.2452941E+01  0.6607255E-03
  0.2501961E+01  0.2770313E-03
  0.2550980E+01  0.1000000E-03
  0.2600000E+01  0.0000000E+00
