  0.1000000E+00 -0.0000000E+00
  0.1247525E+00 -0.2560640E-07
  0.1495050E+00 -0.1085989E-06
  0.1742574E+00 -0.4099595E-06
  0.1990099E+00 -0.1448859E-05
  0.2237624E+00 -0.4812542E-05
  0.2485149E+00 -0.1503917E-04
  0.2732673E+00 -0.4425058E-04
  0.2980198E+00 -0.1226858E-03
  0.3227723E+00 -0.3207566E-03
  0.3475248E+00 -0.7913628E-03
  0.3722772E+00 -0.1843697E-02
  0.3970297E+00 -0.4058701E-02
  0.4217822E+00 -0.8447054E-02
  0.4465347E+00 -0.1662789E-01
  0.4712871E+00 -0.3096846E-01
  0.4960396E+00 -0.5457768E-01
  0.5207921E+00 -0.9101002E-01
  0.5455446E+00 -0.1435417E+00
  0.5702970E+00 -0.2139645E+00
  0.5950495E+00 -0.3010196E+00
  0.6198020E+00 -0.3988378E+00
  0.6445545E+00 -0.4959842E+00
  0.6693069E+00 -0.5757982E+00
  0.6940594E+00 -0.6185511E+00
  0.7188119E+00 -0.6054785E+00
  0.7435644E+00 -0.5240064E+00
  0.7683168E+00 -0.3730689E+00
  0.7930693E+00 -0.1663549E+00
  0.8178218E+00  0.6763320E-01
  0.8425743E+00  0.2897104E+00
  0.8673267E+00  0.4578494E+00
  0.8920792E+00  0.5370077E+00
  0.9168317E+00  0.5083496E+00
  0.9415842E+00  0.3751649E+00
  0.9663366E+00  0.1635594E+00
  0.9910891E+00 -0.8257968E-01
  0.1015842E+01 -0.3112065E+00
  0.1040594E+01 -0.4738801E+00
  0.1065347E+01 -0.5366467E+00
  0.1090099E+01 -0.4873269E+00
  0.1114851E+01 -0.3375563E+00
  0.1139604E+01 -0.1193644E+00
  0.1164356E+01  0.1225389E+00
  0.1189109E+01  0.3406631E+00
  0.1213861E+01  0.4944101E+00
  0.1238614E+01  0.5574451E+00
  0.1263366E+01  0.5214758E+00
  0.1288119E+01  0.3961194E+00
  0.1312871E+01  0.2054248E+00
  0.1337624E+01 -0.1777727E-01
  0.1362376E+01 -0.2382888E+00
  0.1387129E+01 -0.4244165E+00
  0.1411881E+01 -0.5523526E+00
  0.1436634E+01 -0.6085793E+00
  0.1461386E+01 -0.5902753E+00
  0.1486139E+01 -0.5040549E+00
  0.1510891E+01 -0.3635869E+00
  0.1535644E+01 -0.1866959E+00
  0.1560396E+01  0.7509453E-02
  0.1585149E+01  0.2010740E+00
  0.1609901E+01  0.3789634E+00
  0.1634653E+01  0.5300839E+00
  0.1659406E+01  0.6476076E+00
  0.1684158E+01  0.7287379E+00
  0.1708911E+01  0.7740901E+00
  0.1733663E+01  0.7868645E+00
  0.1758416E+01  0.7719632E+00
  0.1783168E+01  0.7351672E+00
  0.1807921E+01  0.6824466E+00
  0.1832673E+01  0.6194395E+00
  0.1857426E+01  0.5511040E+00
  0.1882178E+01  0.4815284E+00
  0.1906931E+01  0.4138686E+00
  0.1931683E+01  0.3503817E+00
  0.1956436E+01  0.2925223E+00
  0.1981188E+01  0.2410728E+00
  0.2005941E+01  0.1962855E+00
  0.2030693E+01  0.1580208E+00
  0.2055446E+01  0.1258711E+00
  0.2080198E+01  0.9926422E-01
  0.2104950E+01  0.7754587E-01
  0.2129703E+01  0.6004074E-01
  0.2154455E+01  0.4609546E-01
  0.2179208E+01  0.3510604E-01
  0.2203960E+01  0.2653319E-01
  0.2228713E+01  0.1990854E-01
  0.2253465E+01  0.1483465E-01
  0.2278218E+01  0.1098083E-01
  0.2302970E+01  0.8076618E-02
  0.2327723E+01  0.5904135E-02
  0.2352475E+01  0.4290209E-02
  0.2377228E+01  0.3098871E-02
  0.2401980E+01  0.2224508E-02
  0.2426733E+01  0.1585873E-02
  0.2451485E+01  0.1120960E-02
  0.2476238E+01  0.7827372E-03
  0.2500990E+01  0.5356191E-03
  0.2525743E+01  0.3525979E-03
  0.2550495E+01  0.2128934E-03
  0.2575248E+01  0.1000000E-03
  0.2600000E+01  0.0000000E+00
