  0.1000000E+00 -0.0000000E+00
  0.1139442E+00 -0.9429429E-09
  0.1278884E+00 -0.2533824E-08
  0.1418327E+00 -0.5755632E-08
  0.1557769E+00 -0.1244335E-07
  0.1697211E+00 -0.2613180E-07
  0.1836653E+00 -0.5353616E-07
  0.1976096E+00 -0.1071143E-06
  0.2115538E+00 -0.2093878E-06
  0.2254980E+00 -0.4000101E-06
  0.2394422E+00 -0.7469622E-06
  0.2533865E+00 -0.1363698E-05
  0.2673307E+00 -0.2434483E-05
  0.2812749E+00 -0.4250457E-05
  0.2952191E+00 -0.7258871E-05
  0.3091633E+00 -0.1212730E-04
  0.3231076E+00 -0.1982298E-04
  0.3370518E+00 -0.3170466E-04
  0.3509960E+00 -0.4961985E-04
  0.3649402E+00 -0.7599460E-04
  0.3788845E+00 -0.1138960E-03
  0.3928287E+00 -0.1670398E-03
  0.4067729E+00 -0.2397106E-03
  0.4207171E+00 -0.3365568E-03
  0.4346614E+00 -0.4622285E-03
  0.4486056E+00 -0.6208340E-03
  0.4625498E+00 -0.8152138E-03
  0.4764940E+00 -0.1046061E-02
  0.4904382E+00 -0.1310957E-02
  0.5043825E+00 -0.1603436E-02
  0.5183267E+00 -0.1912228E-02
  0.5322709E+00 -0.2220877E-02
  0.5462151E+00 -0.2507903E-02
  0.5601594E+00 -0.2747696E-02
  0.5741036E+00 -0.2912217E-02
  0.5880478E+00 -0.2973520E-02
  0.6019920E+00 -0.2906961E-02
  0.6159363E+00 -0.2694727E-02
  0.6298805E+00 -0.2329611E-02
  0.6438247E+00 -0.1817843E-02
  0.6577689E+00 -0.1181077E-02
  0.6717131E+00 -0.4566923E-03
  0.6856574E+00  0.3038793E-03
  0.6996016E+00  0.1038944E-02
  0.7135458E+00  0.1682267E-02
  0.7274900E+00  0.2170238E-02
  0.7414343E+00  0.2449681E-02
  0.7553785E+00  0.2485298E-02
  0.7693227E+00  0.2265661E-02
  0.7832669E+00  0.1806739E-02
  0.7972112E+00  0.1152199E-02
  0.8111554E+00  0.3701214E-03
  0.8250996E+00 -0.4537367E-03
  0.8390438E+00 -0.1225478E-02
  0.8529880E+00 -0.1854288E-02
  0.8669323E+00 -0.2263900E-02
  0.8808765E+00 -0.2402738E-02
  0.8948207E+00 -0.2251268E-02
  0.9087649E+00 -0.1825422E-02
  0.9227092E+00 -0.1175467E-02
  0.9366534E+00 -0.3803222E-03
  0.9505976E+00  0.4620288E-03
  0.9645418E+00  0.1246815E-02
  0.9784861E+00  0.1875829E-02
  0.9924303E+00  0.2270063E-02
  0.1006375E+01  0.2379923E-02
  0.1020319E+01  0.2191634E-02
  0.1034263E+01  0.1728996E-02
  0.1048207E+01  0.1050251E-02
  0.1062151E+01  0.2405299E-03
  0.1076096E+01 -0.5990997E-03
  0.1090040E+01 -0.1364500E-02
  0.1103984E+01 -0.1961544E-02
  0.1117928E+01 -0.2317719E-02
  0.1131873E+01 -0.2390801E-02
  0.1145817E+01 -0.2173571E-02
  0.1159761E+01 -0.1694085E-02
  0.1173705E+01 -0.1011592E-02
  0.1187649E+01 -0.2087621E-03
  0.1201594E+01  0.6187095E-03
  0.1215538E+01  0.1373747E-02
  0.1229482E+01  0.1969334E-02
  0.1243426E+01  0.2338390E-02
  0.1257371E+01  0.2440976E-02
  0.1271315E+01  0.2268101E-02
  0.1285259E+01  0.1841848E-02
  0.1299203E+01  0.1211973E-02
  0.1313147E+01  0.4495470E-03
  0.1327092E+01 -0.3615027E-03
  0.1341036E+01 -0.1133895E-02
  0.1354980E+01 -0.1786444E-02
  0.1368924E+01 -0.2252432E-02
  0.1382869E+01 -0.2486062E-02
  0.1396813E+01 -0.2466430E-02
  0.1410757E+01 -0.2198732E-02
  0.1424701E+01 -0.1712762E-02
  0.1438645E+01 -0.1059012E-02
  0.1452590E+01 -0.3029186E-03
  0.1466534E+01  0.4820481E-03
  0.1480478E+01  0.1221707E-02
  0.1494422E+01  0.1848163E-02
  0.1508367E+01  0.2305828E-02
  0.1522311E+01  0.2555973E-02
  0.1536255E+01  0.2579486E-02
  0.1550199E+01  0.2377710E-02
  0.1564143E+01  0.1971420E-02
  0.1578088E+01  0.1398171E-02
  0.1592032E+01  0.7083550E-03
  0.1605976E+01 -0.3958709E-04
  0.1619920E+01 -0.7843326E-03
  0.1633865E+01 -0.1466765E-02
  0.1647809E+01 -0.2034566E-02
  0.1661753E+01 -0.2445982E-02
  0.1675697E+01 -0.2672519E-02
  0.1689641E+01 -0.2700453E-02
  0.1703586E+01 -0.2531117E-02
  0.1717530E+01 -0.2180054E-02
  0.1731474E+01 -0.1675181E-02
  0.1745418E+01 -0.1054185E-02
  0.1759363E+01 -0.3614024E-03
  0.1773307E+01  0.3555523E-03
  0.1787251E+01  0.1049154E-02
  0.1801195E+01  0.1675093E-02
  0.1815139E+01  0.2194977E-02
  0.1829084E+01  0.2578453E-02
  0.1843028E+01  0.2804669E-02
  0.1856972E+01  0.2863034E-02
  0.1870916E+01  0.2753294E-02
  0.1884861E+01  0.2484974E-02
  0.1898805E+01  0.2076276E-02
  0.1912749E+01  0.1552559E-02
  0.1926693E+01  0.9445152E-03
  0.1940637E+01  0.2861784E-03
  0.1954582E+01 -0.3870944E-03
  0.1968526E+01 -0.1040568E-02
  0.1982470E+01 -0.1641890E-02
  0.1996414E+01 -0.2162592E-02
  0.2010359E+01 -0.2579280E-02
  0.2024303E+01 -0.2874467E-02
  0.2038247E+01 -0.3037061E-02
  0.2052191E+01 -0.3062494E-02
  0.2066135E+01 -0.2952534E-02
  0.2080080E+01 -0.2714816E-02
  0.2094024E+01 -0.2362143E-02
  0.2107968E+01 -0.1911608E-02
  0.2121912E+01 -0.1383599E-02
  0.2135857E+01 -0.8007448E-03
  0.2149801E+01 -0.1868510E-03
  0.2163745E+01  0.4341243E-03
  0.2177689E+01  0.1039016E-02
  0.2191633E+01  0.1606285E-02
  0.2205578E+01  0.2116719E-02
  0.2219522E+01  0.2553980E-02
  0.2233466E+01  0.2905002E-02
  0.2247410E+01  0.3160227E-02
  0.2261355E+01  0.3313699E-02
  0.2275299E+01  0.3363017E-02
  0.2289243E+01  0.3309170E-02
  0.2303187E+01  0.3156268E-02
  0.2317131E+01  0.2911198E-02
  0.2331076E+01  0.2583215E-02
  0.2345020E+01  0.2183492E-02
  0.2358964E+01  0.1724653E-02
  0.2372908E+01  0.1220307E-02
  0.2386853E+01  0.6845871E-03
  0.2400797E+01  0.1317215E-03
  0.2414741E+01 -0.4243569E-03
  0.2428685E+01 -0.9703585E-03
  0.2442629E+01 -0.1493934E-02
  0.2456574E+01 -0.1983913E-02
  0.2470518E+01 -0.2430494E-02
  0.2484462E+01 -0.2825376E-02
  0.2498406E+01 -0.3161836E-02
  0.2512351E+01 -0.3434763E-02
  0.2526295E+01 -0.3640643E-02
  0.2540239E+01 -0.3777515E-02
  0.2554183E+01 -0.3844881E-02
  0.2568127E+01 -0.3843600E-02
  0.2582072E+01 -0.3775759E-02
  0.2596016E+01 -0.3644525E-02
  0.2609960E+01 -0.3453993E-02
  0.2623904E+01 -0.3209024E-02
  0.2637849E+01 -0.2915089E-02
  0.2651793E+01 -0.2578110E-02
  0.2665737E+01 -0.2204311E-02
  0.2679681E+01 -0.1800080E-02
  0.2693625E+01 -0.1371842E-02
  0.2707570E+01 -0.9259380E-03
  0.2721514E+01 -0.4685290E-03
  0.2735458E+01 -0.5506687E-05
  0.2749402E+01  0.4575792E-03
  0.2763347E+01  0.9155790E-03
  0.2777291E+01  0.1363788E-02
  0.2791235E+01  0.1797977E-02
  0.2805179E+01  0.2214416E-02
  0.2819124E+01  0.2609877E-02
  0.2833068E+01  0.2981641E-02
  0.2847012E+01  0.3327481E-02
  0.2860956E+01  0.3645653E-02
  0.2874900E+01  0.3934869E-02
  0.2888845E+01  0.4194271E-02
  0.2902789E+01  0.4423399E-02
  0.2916733E+01  0.4622163E-02
  0.2930677E+01  0.4790800E-02
  0.2944622E+01  0.4929842E-02
  0.2958566E+01  0.5040078E-02
  0.2972510E+01  0.5122521E-02
  0.2986454E+01  0.5178368E-02
  0.3000398E+01  0.5208969E-02
  0.3014343E+01  0.5215795E-02
  0.3028287E+01  0.5200410E-02
  0.3042231E+01  0.5164439E-02
  0.3056175E+01  0.5109546E-02
  0.3070120E+01  0.5037409E-02
  0.3084064E+01  0.4949704E-02
  0.3098008E+01  0.4848082E-02
  0.3111952E+01  0.4734157E-02
  0.3125896E+01  0.4609490E-02
  0.3139841E+01  0.4475581E-02
  0.3153785E+01  0.4333860E-02
  0.3167729E+01  0.4185676E-02
  0.3181673E+01  0.4032296E-02
  0.3195618E+01  0.3874900E-02
  0.3209562E+01  0.3714577E-02
  0.3223506E+01  0.3552327E-02
  0.3237450E+01  0.3389058E-02
  0.3251394E+01  0.3225589E-02
  0.3265339E+01  0.3062652E-02
  0.3279283E+01  0.2900892E-02
  0.3293227E+01  0.2740872E-02
  0.3307171E+01  0.2583075E-02
  0.3321116E+01  0.2427910E-02
  0.3335060E+01  0.2275714E-02
  0.3349004E+01  0.2126756E-02
  0.3362948E+01  0.1981241E-02
  0.3376892E+01  0.1839316E-02
  0.3390837E+01  0.1701072E-02
  0.3404781E+01  0.1566548E-02
  0.3418725E+01  0.1435735E-02
  0.3432669E+01  0.1308580E-02
  0.3446614E+01  0.1184989E-02
  0.3460558E+01  0.1064829E-02
  0.3474502E+01  0.9479327E-03
  0.3488446E+01  0.8340987E-03
  0.3502390E+01  0.7230953E-03
  0.3516335E+01  0.6146613E-03
  0.3530279E+01  0.5085077E-03
  0.3544223E+01  0.4043192E-03
  0.3558167E+01  0.3017540E-03
  0.3572112E+01  0.2004452E-03
  0.3586056E+01  0.1000000E-03
  0.3600000E+01  0.0000000E+00
