  0.1000000E+00  0.0000000E+00
  0.1500000E+00  0.2694387E-02
  0.2000000E+00  0.2953486E-01
  0.2500000E+00  0.2717363E+00
  0.3000000E+00  0.2113791E+01
  0.3500000E+00  0.1391418E+02
  0.4000000E+00  0.7761318E+02
  0.4500000E+00  0.3676056E+03
  0.5000000E+00  0.1482511E+04
  0.5500000E+00  0.5108755E+04
  0.6000000E+00  0.1510780E+05
  0.6500000E+00  0.3853408E+05
  0.7000000E+00  0.8525626E+05
  0.7500000E+00  0.1646528E+06
  0.8000000E+00  0.2794375E+06
  0.8500000E+00  0.4196712E+06
  0.9000000E+00  0.5617455E+06
  0.9500000E+00  0.6749569E+06
  0.1000000E+01  0.7331137E+06
  0.1050000E+01  0.7247528E+06
  0.1100000E+01  0.6565071E+06
  0.1150000E+01  0.5482499E+06
  0.1200000E+01  0.4245907E+06
  0.1250000E+01  0.3066344E+06
  0.1300000E+01  0.2075760E+06
  0.1350000E+01  0.1323523E+06
  0.1400000E+01  0.7984093E+05
  0.1450000E+01  0.4575709E+05
  0.1500000E+01  0.2500885E+05
  0.1550000E+01  0.1308183E+05
  0.1600000E+01  0.6570559E+04
  0.1650000E+01  0.3178370E+04
  0.1700000E+01  0.1484853E+04
  0.1750000E+01  0.6716669E+03
  0.1800000E+01  0.2948797E+03
  0.1850000E+01  0.1259231E+03
  0.1900000E+01  0.5240979E+02
  0.1950000E+01  0.2129976E+02
  0.2000000E+01  0.8467210E+01
  0.2050000E+01  0.3297616E+01
  0.2100000E+01  0.1260064E+01
  0.2150000E+01  0.4730524E+00
  0.2200000E+01  0.1747014E+00
  0.2250000E+01  0.6354185E-01
  0.2300000E+01  0.2278598E-01
  0.2350000E+01  0.8063939E-02
  0.2400000E+01  0.2818677E-02
  0.2450000E+01  0.9729071E-03
  0.2500000E+01  0.3288479E-03
  0.2550000E+01  0.1000000E-03
  0.2600000E+01  0.0000000E+00
