  0.1000000E+00  0.0000000E+00
  0.1119760E+00  0.5807556E-07
  0.1239521E+00  0.1454602E-06
  0.1359281E+00  0.3022077E-06
  0.1479042E+00  0.5949877E-06
  0.1598802E+00  0.1140322E-05
  0.1718563E+00  0.2141593E-05
  0.1838323E+00  0.3948490E-05
  0.1958084E+00  0.7151102E-05
  0.2077844E+00  0.1272572E-04
  0.2197605E+00  0.2225547E-04
  0.2317365E+00  0.3825603E-04
  0.2437126E+00  0.6464411E-04
  0.2556886E+00  0.1073932E-03
  0.2676647E+00  0.1754250E-03
  0.2796407E+00  0.2817851E-03
  0.2916168E+00  0.4451396E-03
  0.3035928E+00  0.6916104E-03
  0.3155689E+00  0.1056924E-02
  0.3275449E+00  0.1588792E-02
  0.3395210E+00  0.2349359E-02
  0.3514970E+00  0.3417441E-02
  0.3634731E+00  0.4890182E-02
  0.3754491E+00  0.6883587E-02
  0.3874251E+00  0.9531339E-02
  0.3994012E+00  0.1298118E-01
  0.4113772E+00  0.1738818E-01
  0.4233533E+00  0.2290429E-01
  0.4353293E+00  0.2966383E-01
  0.4473054E+00  0.3776495E-01
  0.4592814E+00  0.4724760E-01
  0.4712575E+00  0.5806934E-01
  0.4832335E+00  0.7008087E-01
  0.4952096E+00  0.8300411E-01
  0.5071856E+00  0.9641614E-01
  0.5191617E+00  0.1097427E+00
  0.5311377E+00  0.1222648E+00
  0.5431138E+00  0.1331420E+00
  0.5550898E+00  0.1414534E+00
  0.5670659E+00  0.1462579E+00
  0.5790419E+00  0.1466703E+00
  0.5910180E+00  0.1419501E+00
  0.6029940E+00  0.1315920E+00
  0.6149701E+00  0.1154246E+00
  0.6269461E+00  0.9367569E-01
  0.6389222E+00  0.6702468E-01
  0.6508982E+00  0.3661472E-01
  0.6628743E+00  0.4021756E-02
  0.6748503E+00 -0.2882439E-01
  0.6868263E+00 -0.5976563E-01
  0.6988024E+00 -0.8658121E-01
  0.7107784E+00 -0.1071809E+00
  0.7227545E+00 -0.1198085E+00
  0.7347305E+00 -0.1232349E+00
  0.7467066E+00 -0.1169185E+00
  0.7586826E+00 -0.1011127E+00
  0.7706587E+00 -0.7690235E-01
  0.7826347E+00 -0.4616028E-01
  0.7946108E+00 -0.1142004E-01
  0.8065868E+00  0.2432704E-01
  0.8185629E+00  0.5789467E-01
  0.8305389E+00  0.8619989E-01
  0.8425150E+00  0.1065671E+00
  0.8544910E+00  0.1170054E+00
  0.8664671E+00  0.1164277E+00
  0.8784431E+00  0.1047860E+00
  0.8904192E+00  0.8310472E-01
  0.9023952E+00  0.5340354E-01
  0.9143713E+00  0.1851644E-01
  0.9263473E+00 -0.1817840E-01
  0.9383234E+00 -0.5309046E-01
  0.9502994E+00 -0.8277639E-01
  0.9622754E+00 -0.1042896E+00
  0.9742515E+00 -0.1154827E+00
  0.9862275E+00 -0.1152294E+00
  0.9982036E+00 -0.1035439E+00
  0.1010180E+01 -0.8158147E-01
  0.1022156E+01 -0.5152365E-01
  0.1034132E+01 -0.1635683E-01
  0.1046108E+01  0.2042986E-01
  0.1058084E+01  0.5519685E-01
  0.1070060E+01  0.8451917E-01
  0.1082036E+01  0.1055267E+00
  0.1094012E+01  0.1161849E+00
  0.1105988E+01  0.1154885E+00
  0.1117964E+01  0.1035496E+00
  0.1129940E+01  0.8157355E-01
  0.1141916E+01  0.5172722E-01
  0.1153892E+01  0.1691511E-01
  0.1165868E+01 -0.1951221E-01
  0.1177844E+01 -0.5408685E-01
  0.1189820E+01 -0.8355651E-01
  0.1201796E+01 -0.1051890E+00
  0.1213772E+01 -0.1170197E+00
  0.1225749E+01 -0.1180206E+00
  0.1237725E+01 -0.1081761E+00
  0.1249701E+01 -0.8846397E-01
  0.1261677E+01 -0.6074335E-01
  0.1273653E+01 -0.2756676E-01
  0.1285629E+01  0.8065951E-02
  0.1297605E+01  0.4298595E-01
  0.1309581E+01  0.7413995E-01
  0.1321557E+01  0.9885504E-01
  0.1333533E+01  0.1150612E+00
  0.1345509E+01  0.1214534E+00
  0.1357485E+01  0.1175829E+00
  0.1369461E+01  0.1038707E+00
  0.1381437E+01  0.8154833E-01
  0.1393413E+01  0.5253268E-01
  0.1405389E+01  0.1924832E-01
  0.1417365E+01 -0.1558425E-01
  0.1429341E+01 -0.4917625E-01
  0.1441317E+01 -0.7889463E-01
  0.1453293E+01 -0.1024644E+00
  0.1465269E+01 -0.1181348E+00
  0.1477246E+01 -0.1247968E+00
  0.1489222E+01 -0.1220476E+00
  0.1501198E+01 -0.1101975E+00
  0.1513174E+01 -0.9022291E-01
  0.1525150E+01 -0.6367266E-01
  0.1537126E+01 -0.3253542E-01
  0.1549102E+01  0.9182924E-03
  0.1561078E+01  0.3430739E-01
  0.1573054E+01  0.6531145E-01
  0.1585030E+01  0.9182966E-01
  0.1597006E+01  0.1121172E+00
  0.1608982E+01  0.1248908E+00
  0.1620958E+01  0.1293976E+00
  0.1632934E+01  0.1254460E+00
  0.1644910E+01  0.1133973E+00
  0.1656886E+01  0.9412172E-01
  0.1668862E+01  0.6892417E-01
  0.1680838E+01  0.3944572E-01
  0.1692814E+01  0.7548947E-02
  0.1704790E+01 -0.2480460E-01
  0.1716766E+01 -0.5567692E-01
  0.1728743E+01 -0.8326829E-01
  0.1740719E+01 -0.1060179E+00
  0.1752695E+01 -0.1226854E+00
  0.1764671E+01 -0.1324091E+00
  0.1776647E+01 -0.1347400E+00
  0.1788623E+01 -0.1296502E+00
  0.1800599E+01 -0.1175177E+00
  0.1812575E+01 -0.9908918E-01
  0.1824551E+01 -0.7542540E-01
  0.1836527E+01 -0.4783195E-01
  0.1848503E+01 -0.1778122E-01
  0.1860479E+01  0.1317015E-01
  0.1872455E+01  0.4346384E-01
  0.1884431E+01  0.7161777E-01
  0.1896407E+01  0.9629611E-01
  0.1908383E+01  0.1163680E+00
  0.1920359E+01  0.1309532E+00
  0.1932335E+01  0.1394532E+00
  0.1944311E+01  0.1415666E+00
  0.1956287E+01  0.1372912E+00
  0.1968263E+01  0.1269103E+00
  0.1980240E+01  0.1109682E+00
  0.1992216E+01  0.9023526E-01
  0.2004192E+01  0.6566403E-01
  0.2016168E+01  0.3834115E-01
  0.2028144E+01  0.9435509E-02
  0.2040120E+01 -0.1985382E-01
  0.2052096E+01 -0.4834793E-01
  0.2064072E+01 -0.7493464E-01
  0.2076048E+01 -0.9860973E-01
  0.2088024E+01 -0.1185114E+00
  0.2100000E+01 -0.1339470E+00
  0.2111976E+01 -0.1444118E+00
  0.2123952E+01 -0.1495997E+00
  0.2135928E+01 -0.1494050E+00
  0.2147904E+01 -0.1439175E+00
  0.2159880E+01 -0.1334105E+00
  0.2171856E+01 -0.1183225E+00
  0.2183832E+01 -0.9923486E-01
  0.2195808E+01 -0.7684512E-01
  0.2207784E+01 -0.5193832E-01
  0.2219760E+01 -0.2535700E-01
  0.2231737E+01  0.2028977E-02
  0.2243713E+01  0.2935159E-01
  0.2255689E+01  0.5577200E-01
  0.2267665E+01  0.8050535E-01
  0.2279641E+01  0.1028422E+00
  0.2291617E+01  0.1221666E+00
  0.2303593E+01  0.1379698E+00
  0.2315569E+01  0.1498602E+00
  0.2327545E+01  0.1575689E+00
  0.2339521E+01  0.1609519E+00
  0.2351497E+01  0.1599878E+00
  0.2363473E+01  0.1547729E+00
  0.2375449E+01  0.1455127E+00
  0.2387425E+01  0.1325113E+00
  0.2399401E+01  0.1161587E+00
  0.2411377E+01  0.9691665E-01
  0.2423353E+01  0.7530352E-01
  0.2435329E+01  0.5187846E-01
  0.2447305E+01  0.2722576E-01
  0.2459281E+01  0.1939473E-02
  0.2471257E+01 -0.2339119E-01
  0.2483234E+01 -0.4819549E-01
  0.2495210E+01 -0.7193338E-01
  0.2507186E+01 -0.9410630E-01
  0.2519162E+01 -0.1142663E+00
  0.2531138E+01 -0.1320232E+00
  0.2543114E+01 -0.1470506E+00
  0.2555090E+01 -0.1590892E+00
  0.2567066E+01 -0.1679493E+00
  0.2579042E+01 -0.1735109E+00
  0.2591018E+01 -0.1757230E+00
  0.2602994E+01 -0.1746010E+00
  0.2614970E+01 -0.1702229E+00
  0.2626946E+01 -0.1627250E+00
  0.2638922E+01 -0.1522962E+00
  0.2650898E+01 -0.1391717E+00
  0.2662874E+01 -0.1236266E+00
  0.2674850E+01 -0.1059686E+00
  0.2686826E+01 -0.8653112E-01
  0.2698802E+01 -0.6566591E-01
  0.2710778E+01 -0.4373625E-01
  0.2722754E+01 -0.2111008E-01
  0.2734731E+01  0.1846353E-02
  0.2746707E+01  0.2477441E-01
  0.2758683E+01  0.4732847E-01
  0.2770659E+01  0.6918078E-01
  0.2782635E+01  0.9002560E-01
  0.2794611E+01  0.1095828E+00
  0.2806587E+01  0.1276007E+00
  0.2818563E+01  0.1438586E+00
  0.2830539E+01  0.1581678E+00
  0.2842515E+01  0.1703733E+00
  0.2854491E+01  0.1803539E+00
  0.2866467E+01  0.1880222E+00
  0.2878443E+01  0.1933236E+00
  0.2890419E+01  0.1962362E+00
  0.2902395E+01  0.1967684E+00
  0.2914371E+01  0.1949577E+00
  0.2926347E+01  0.1908685E+00
  0.2938323E+01  0.1845901E+00
  0.2950299E+01  0.1762338E+00
  0.2962275E+01  0.1659307E+00
  0.2974251E+01  0.1538289E+00
  0.2986228E+01  0.1400909E+00
  0.2998204E+01  0.1248910E+00
  0.3010180E+01  0.1084124E+00
  0.3022156E+01  0.9084485E-01
  0.3034132E+01  0.7238227E-01
  0.3046108E+01  0.5322016E-01
  0.3058084E+01  0.3355358E-01
  0.3070060E+01  0.1357509E-01
  0.3082036E+01 -0.6527170E-02
  0.3094012E+01 -0.2657108E-01
  0.3105988E+01 -0.4638207E-01
  0.3117964E+01 -0.6579447E-01
  0.3129940E+01 -0.8465253E-01
  0.3141916E+01 -0.1028115E+00
  0.3153892E+01 -0.1201381E+00
  0.3165868E+01 -0.1365115E+00
  0.3177844E+01 -0.1518233E+00
  0.3189820E+01 -0.1659783E+00
  0.3201796E+01 -0.1788940E+00
  0.3213772E+01 -0.1905010E+00
  0.3225749E+01 -0.2007428E+00
  0.3237725E+01 -0.2095753E+00
  0.3249701E+01 -0.2169668E+00
  0.3261677E+01 -0.2228971E+00
  0.3273653E+01 -0.2273575E+00
  0.3285629E+01 -0.2303497E+00
  0.3297605E+01 -0.2318857E+00
  0.3309581E+01 -0.2319864E+00
  0.3321557E+01 -0.2306818E+00
  0.3333533E+01 -0.2280094E+00
  0.3345509E+01 -0.2240139E+00
  0.3357485E+01 -0.2187466E+00
  0.3369461E+01 -0.2122642E+00
  0.3381437E+01 -0.2046284E+00
  0.3393413E+01 -0.1959050E+00
  0.3405389E+01 -0.1861633E+00
  0.3417365E+01 -0.1754754E+00
  0.3429341E+01 -0.1639154E+00
  0.3441317E+01 -0.1515593E+00
  0.3453293E+01 -0.1384835E+00
  0.3465269E+01 -0.1247652E+00
  0.3477246E+01 -0.1104812E+00
  0.3489222E+01 -0.9570786E-01
  0.3501198E+01 -0.8052050E-01
  0.3513174E+01 -0.6499295E-01
  0.3525150E+01 -0.4919729E-01
  0.3537126E+01 -0.3320351E-01
  0.3549102E+01 -0.1707921E-01
  0.3561078E+01 -0.8893979E-03
  0.3573054E+01  0.1530374E-01
  0.3585030E+01  0.3144101E-01
  0.3597006E+01  0.4746636E-01
  0.3608982E+01  0.6332695E-01
  0.3620958E+01  0.7897327E-01
  0.3632934E+01  0.9435919E-01
  0.3644910E+01  0.1094420E+00
  0.3656886E+01  0.1241823E+00
  0.3668862E+01  0.1385442E+00
  0.3680838E+01  0.1524952E+00
  0.3692814E+01  0.1660059E+00
  0.3704790E+01  0.1790503E+00
  0.3716766E+01  0.1916055E+00
  0.3728743E+01  0.2036518E+00
  0.3740719E+01  0.2151723E+00
  0.3752695E+01  0.2261530E+00
  0.3764671E+01  0.2365826E+00
  0.3776647E+01  0.2464525E+00
  0.3788623E+01  0.2557565E+00
  0.3800599E+01  0.2644908E+00
  0.3812575E+01  0.2726538E+00
  0.3824551E+01  0.2802460E+00
  0.3836527E+01  0.2872697E+00
  0.3848503E+01  0.2937292E+00
  0.3860479E+01  0.2996304E+00
  0.3872455E+01  0.3049807E+00
  0.3884431E+01  0.3097888E+00
  0.3896407E+01  0.3140649E+00
  0.3908383E+01  0.3178203E+00
  0.3920359E+01  0.3210672E+00
  0.3932335E+01  0.3238188E+00
  0.3944311E+01  0.3260891E+00
  0.3956287E+01  0.3278929E+00
  0.3968263E+01  0.3292454E+00
  0.3980240E+01  0.3301625E+00
  0.3992216E+01  0.3306603E+00
  0.4004192E+01  0.3307555E+00
  0.4016168E+01  0.3304647E+00
  0.4028144E+01  0.3298049E+00
  0.4040120E+01  0.3287932E+00
  0.4052096E+01  0.3274467E+00
  0.4064072E+01  0.3257823E+00
  0.4076048E+01  0.3238171E+00
  0.4088024E+01  0.3215677E+00
  0.4100000E+01  0.3190509E+00
  0.4111976E+01  0.3162830E+00
  0.4123952E+01  0.3132802E+00
  0.4135928E+01  0.3100581E+00
  0.4147904E+01  0.3066324E+00
  0.4159880E+01  0.3030182E+00
  0.4171856E+01  0.2992300E+00
  0.4183832E+01  0.2952823E+00
  0.4195808E+01  0.2911890E+00
  0.4207784E+01  0.2869635E+00
  0.4219760E+01  0.2826188E+00
  0.4231737E+01  0.2781674E+00
  0.4243713E+01  0.2736215E+00
  0.4255689E+01  0.2689926E+00
  0.4267665E+01  0.2642918E+00
  0.4279641E+01  0.2595299E+00
  0.4291617E+01  0.2547169E+00
  0.4303593E+01  0.2498626E+00
  0.4315569E+01  0.2449763E+00
  0.4327545E+01  0.2400667E+00
  0.4339521E+01  0.2351422E+00
  0.4351497E+01  0.2302106E+00
  0.4363473E+01  0.2252794E+00
  0.4375449E+01  0.2203556E+00
  0.4387425E+01  0.2154458E+00
  0.4399401E+01  0.2105561E+00
  0.4411377E+01  0.2056925E+00
  0.4423353E+01  0.2008601E+00
  0.4435329E+01  0.1960642E+00
  0.4447305E+01  0.1913093E+00
  0.4459281E+01  0.1865998E+00
  0.4471257E+01  0.1819396E+00
  0.4483234E+01  0.1773324E+00
  0.4495210E+01  0.1727815E+00
  0.4507186E+01  0.1682901E+00
  0.4519162E+01  0.1638608E+00
  0.4531138E+01  0.1594961E+00
  0.4543114E+01  0.1551982E+00
  0.4555090E+01  0.1509692E+00
  0.4567066E+01  0.1468107E+00
  0.4579042E+01  0.1427243E+00
  0.4591018E+01  0.1387113E+00
  0.4602994E+01  0.1347727E+00
  0.4614970E+01  0.1309095E+00
  0.4626946E+01  0.1271224E+00
  0.4638922E+01  0.1234119E+00
  0.4650898E+01  0.1197784E+00
  0.4662874E+01  0.1162222E+00
  0.4674850E+01  0.1127433E+00
  0.4686826E+01  0.1093419E+00
  0.4698802E+01  0.1060175E+00
  0.4710778E+01  0.1027701E+00
  0.4722754E+01  0.9959930E-01
  0.4734731E+01  0.9650452E-01
  0.4746707E+01  0.9348525E-01
  0.4758683E+01  0.9054084E-01
  0.4770659E+01  0.8767057E-01
  0.4782635E+01  0.8487364E-01
  0.4794611E+01  0.8214919E-01
  0.4806587E+01  0.7949631E-01
  0.4818563E+01  0.7691404E-01
  0.4830539E+01  0.7440134E-01
  0.4842515E+01  0.7195718E-01
  0.4854491E+01  0.6958044E-01
  0.4866467E+01  0.6727001E-01
  0.4878443E+01  0.6502472E-01
  0.4890419E+01  0.6284341E-01
  0.4902395E+01  0.6072486E-01
  0.4914371E+01  0.5866785E-01
  0.4926347E+01  0.5667117E-01
  0.4938323E+01  0.5473356E-01
  0.4950299E+01  0.5285378E-01
  0.4962275E+01  0.5103056E-01
  0.4974251E+01  0.4926266E-01
  0.4986228E+01  0.4754882E-01
  0.4998204E+01  0.4588778E-01
  0.5010180E+01  0.4427829E-01
  0.5022156E+01  0.4271911E-01
  0.5034132E+01  0.4120900E-01
  0.5046108E+01  0.3974674E-01
  0.5058084E+01  0.3833110E-01
  0.5070060E+01  0.3696089E-01
  0.5082036E+01  0.3563491E-01
  0.5094012E+01  0.3435199E-01
  0.5105988E+01  0.3311097E-01
  0.5117964E+01  0.3191070E-01
  0.5129940E+01  0.3075005E-01
  0.5141916E+01  0.2962792E-01
  0.5153892E+01  0.2854322E-01
  0.5165868E+01  0.2749486E-01
  0.5177844E+01  0.2648181E-01
  0.5189820E+01  0.2550302E-01
  0.5201796E+01  0.2455748E-01
  0.5213772E+01  0.2364420E-01
  0.5225749E+01  0.2276221E-01
  0.5237725E+01  0.2191055E-01
  0.5249701E+01  0.2108830E-01
  0.5261677E+01  0.2029454E-01
  0.5273653E+01  0.1952838E-01
  0.5285629E+01  0.1878895E-01
  0.5297605E+01  0.1807541E-01
  0.5309581E+01  0.1738692E-01
  0.5321557E+01  0.1672267E-01
  0.5333533E+01  0.1608189E-01
  0.5345509E+01  0.1546380E-01
  0.5357485E+01  0.1486765E-01
  0.5369461E+01  0.1429271E-01
  0.5381437E+01  0.1373827E-01
  0.5393413E+01  0.1320365E-01
  0.5405389E+01  0.1268817E-01
  0.5417365E+01  0.1219117E-01
  0.5429341E+01  0.1171203E-01
  0.5441317E+01  0.1125012E-01
  0.5453293E+01  0.1080483E-01
  0.5465269E+01  0.1037560E-01
  0.5477246E+01  0.9961847E-02
  0.5489222E+01  0.9563022E-02
  0.5501198E+01  0.9178591E-02
  0.5513174E+01  0.8808035E-02
  0.5525150E+01  0.8450850E-02
  0.5537126E+01  0.8106545E-02
  0.5549102E+01  0.7774646E-02
  0.5561078E+01  0.7454691E-02
  0.5573054E+01  0.7146233E-02
  0.5585030E+01  0.6848838E-02
  0.5597006E+01  0.6562086E-02
  0.5608982E+01  0.6285566E-02
  0.5620958E+01  0.6018884E-02
  0.5632934E+01  0.5761654E-02
  0.5644910E+01  0.5513504E-02
  0.5656886E+01  0.5274071E-02
  0.5668862E+01  0.5043004E-02
  0.5680838E+01  0.4819962E-02
  0.5692814E+01  0.4604615E-02
  0.5704790E+01  0.4396642E-02
  0.5716766E+01  0.4195731E-02
  0.5728743E+01  0.4001578E-02
  0.5740719E+01  0.3813891E-02
  0.5752695E+01  0.3632384E-02
  0.5764671E+01  0.3456778E-02
  0.5776647E+01  0.3286805E-02
  0.5788623E+01  0.3122201E-02
  0.5800599E+01  0.2962711E-02
  0.5812575E+01  0.2808087E-02
  0.5824551E+01  0.2658086E-02
  0.5836527E+01  0.2512472E-02
  0.5848503E+01  0.2371015E-02
  0.5860479E+01  0.2233491E-02
  0.5872455E+01  0.2099680E-02
  0.5884431E+01  0.1969367E-02
  0.5896407E+01  0.1842344E-02
  0.5908383E+01  0.1718404E-02
  0.5920359E+01  0.1597347E-02
  0.5932335E+01  0.1478974E-02
  0.5944311E+01  0.1363094E-02
  0.5956287E+01  0.1249514E-02
  0.5968263E+01  0.1138048E-02
  0.5980240E+01  0.1028511E-02
  0.5992216E+01  0.9207199E-03
  0.6004192E+01  0.8144956E-03
  0.6016168E+01  0.7096598E-03
  0.6028144E+01  0.6060358E-03
  0.6040120E+01  0.5034487E-03
  0.6052096E+01  0.4017245E-03
  0.6064072E+01  0.3006900E-03
  0.6076048E+01  0.2001726E-03
  0.6088024E+01  0.1000000E-03
  0.6100000E+01  0.0000000E+00
