  0.1000000E+00 -0.0000000E+00
  0.1149254E+00 -0.8354696E-08
  0.1298507E+00 -0.2347615E-07
  0.1447761E+00 -0.5636615E-07
  0.1597015E+00 -0.1290745E-06
  0.1746269E+00 -0.2867736E-06
  0.1895522E+00 -0.6202311E-06
  0.2044776E+00 -0.1306958E-05
  0.2194030E+00 -0.2684342E-05
  0.2343284E+00 -0.5375420E-05
  0.2492537E+00 -0.1049792E-04
  0.2641791E+00 -0.1999959E-04
  0.2791045E+00 -0.3717673E-04
  0.2940299E+00 -0.6744551E-04
  0.3089552E+00 -0.1194426E-03
  0.3238806E+00 -0.2065260E-03
  0.3388060E+00 -0.3487200E-03
  0.3537313E+00 -0.5750870E-03
  0.3686567E+00 -0.9264083E-03
  0.3835821E+00 -0.1457906E-02
  0.3985075E+00 -0.2241543E-02
  0.4134328E+00 -0.3367228E-02
  0.4283582E+00 -0.4942030E-02
  0.4432836E+00 -0.7086384E-02
  0.4582090E+00 -0.9926240E-02
  0.4731343E+00 -0.1358036E-01
  0.4880597E+00 -0.1814239E-01
  0.5029851E+00 -0.2365821E-01
  0.5179104E+00 -0.3010011E-01
  0.5328358E+00 -0.3734047E-01
  0.5477612E+00 -0.4512912E-01
  0.5626866E+00 -0.5307921E-01
  0.5776119E+00 -0.6066691E-01
  0.5925373E+00 -0.6724973E-01
  0.6074627E+00 -0.7210658E-01
  0.6223881E+00 -0.7450020E-01
  0.6373134E+00 -0.7375874E-01
  0.6522388E+00 -0.6935759E-01
  0.6671642E+00 -0.6105109E-01
  0.6820896E+00 -0.4891879E-01
  0.6970149E+00 -0.3343293E-01
  0.7119403E+00 -0.1547322E-01
  0.7268657E+00  0.3709059E-02
  0.7417910E+00  0.2258117E-01
  0.7567164E+00  0.3946933E-01
  0.7716418E+00  0.5273707E-01
  0.7865672E+00  0.6098146E-01
  0.8014925E+00  0.6322211E-01
  0.8164179E+00  0.5905572E-01
  0.8313433E+00  0.4875114E-01
  0.8462687E+00  0.3326634E-01
  0.8611940E+00  0.1417827E-01
  0.8761194E+00 -0.6471169E-02
  0.8910448E+00 -0.2639779E-01
  0.9059701E+00 -0.4334014E-01
  0.9208955E+00 -0.5533339E-01
  0.9358209E+00 -0.6095575E-01
  0.9507463E+00 -0.5951373E-01
  0.9656716E+00 -0.5113988E-01
  0.9805970E+00 -0.3678829E-01
  0.9955224E+00 -0.1812702E-01
  0.1010448E+01  0.2659836E-02
  0.1025373E+01  0.2313487E-01
  0.1040299E+01  0.4090134E-01
  0.1055224E+01  0.5389059E-01
  0.1070149E+01  0.6060667E-01
  0.1085075E+01  0.6029808E-01
  0.1100000E+01  0.5303677E-01
  0.1114925E+01  0.3969681E-01
  0.1129851E+01  0.2183812E-01
  0.1144776E+01  0.1512409E-02
  0.1159701E+01 -0.1898273E-01
  0.1174627E+01 -0.3737039E-01
  0.1189552E+01 -0.5164929E-01
  0.1204478E+01 -0.6030810E-01
  0.1219403E+01 -0.6247645E-01
  0.1234328E+01 -0.5799857E-01
  0.1249254E+01 -0.4742561E-01
  0.1264179E+01 -0.3193188E-01
  0.1279104E+01 -0.1316881E-01
  0.1294030E+01  0.6923993E-02
  0.1308955E+01  0.2632762E-01
  0.1323881E+01  0.4314946E-01
  0.1338806E+01  0.5580451E-01
  0.1353731E+01  0.6315563E-01
  0.1368657E+01  0.6460151E-01
  0.1383582E+01  0.6010779E-01
  0.1398507E+01  0.5018241E-01
  0.1413433E+01  0.3580209E-01
  0.1428358E+01  0.1830078E-01
  0.1443284E+01 -0.7663635E-03
  0.1458209E+01 -0.1976918E-01
  0.1473134E+01 -0.3714464E-01
  0.1488060E+01 -0.5152296E-01
  0.1502985E+01 -0.6182802E-01
  0.1517910E+01 -0.6734605E-01
  0.1532836E+01 -0.6775972E-01
  0.1547761E+01 -0.6314814E-01
  0.1562687E+01 -0.5395606E-01
  0.1577612E+01 -0.4093778E-01
  0.1592537E+01 -0.2508269E-01
  0.1607463E+01 -0.7529886E-02
  0.1622388E+01  0.1052050E-01
  0.1637313E+01  0.2789247E-01
  0.1652239E+01  0.4351002E-01
  0.1667164E+01  0.5645942E-01
  0.1682090E+01  0.6603499E-01
  0.1697015E+01  0.7176717E-01
  0.1711940E+01  0.7343308E-01
  0.1726866E+01  0.7105069E-01
  0.1741791E+01  0.6485915E-01
  0.1756716E+01  0.5528795E-01
  0.1771642E+01  0.4291819E-01
  0.1786567E+01  0.2843934E-01
  0.1801493E+01  0.1260447E-01
  0.1816418E+01 -0.3813176E-02
  0.1831343E+01 -0.2005997E-01
  0.1846269E+01 -0.3543637E-01
  0.1861194E+01 -0.4932479E-01
  0.1876119E+01 -0.6121025E-01
  0.1891045E+01 -0.7069380E-01
  0.1905970E+01 -0.7749877E-01
  0.1920896E+01 -0.8147069E-01
  0.1935821E+01 -0.8257168E-01
  0.1950746E+01 -0.8087034E-01
  0.1965672E+01 -0.7652822E-01
  0.1980597E+01 -0.6978404E-01
  0.1995522E+01 -0.6093673E-01
  0.2010448E+01 -0.5032803E-01
  0.2025373E+01 -0.3832581E-01
  0.2040299E+01 -0.2530833E-01
  0.2055224E+01 -0.1165034E-01
  0.2070149E+01  0.2288914E-02
  0.2085075E+01  0.1617554E-01
  0.2100000E+01  0.2970851E-01
  0.2114925E+01  0.4262509E-01
  0.2129851E+01  0.5470408E-01
  0.2144776E+01  0.6576729E-01
  0.2159701E+01  0.7567934E-01
  0.2174627E+01  0.8434611E-01
  0.2189552E+01  0.9171207E-01
  0.2204478E+01  0.9775683E-01
  0.2219403E+01  0.1024911E+00
  0.2234328E+01  0.1059523E+00
  0.2249254E+01  0.1082001E+00
  0.2264179E+01  0.1093118E+00
  0.2279104E+01  0.1093783E+00
  0.2294030E+01  0.1084999E+00
  0.2308955E+01  0.1067825E+00
  0.2323881E+01  0.1043347E+00
  0.2338806E+01  0.1012647E+00
  0.2353731E+01  0.9767832E-01
  0.2368657E+01  0.9367656E-01
  0.2383582E+01  0.8935458E-01
  0.2398507E+01  0.8480039E-01
  0.2413433E+01  0.8009414E-01
  0.2428358E+01  0.7530769E-01
  0.2443284E+01  0.7050441E-01
  0.2458209E+01  0.6573930E-01
  0.2473134E+01  0.6105916E-01
  0.2488060E+01  0.5650301E-01
  0.2502985E+01  0.5210258E-01
  0.2517910E+01  0.4788286E-01
  0.2532836E+01  0.4386272E-01
  0.2547761E+01  0.4005555E-01
  0.2562687E+01  0.3646991E-01
  0.2577612E+01  0.3311014E-01
  0.2592537E+01  0.2997701E-01
  0.2607463E+01  0.2706823E-01
  0.2622388E+01  0.2437902E-01
  0.2637313E+01  0.2190260E-01
  0.2652239E+01  0.1963060E-01
  0.2667164E+01  0.1755350E-01
  0.2682090E+01  0.1566090E-01
  0.2697015E+01  0.1394188E-01
  0.2711940E+01  0.1238523E-01
  0.2726866E+01  0.1097964E-01
  0.2741791E+01  0.9713919E-02
  0.2756716E+01  0.8577108E-02
  0.2771642E+01  0.7558591E-02
  0.2786567E+01  0.6648191E-02
  0.2801493E+01  0.5836225E-02
  0.2816418E+01  0.5113547E-02
  0.2831343E+01  0.4471574E-02
  0.2846269E+01  0.3902296E-02
  0.2861194E+01  0.3398275E-02
  0.2876119E+01  0.2952636E-02
  0.2891045E+01  0.2559045E-02
  0.2905970E+01  0.2211689E-02
  0.2920896E+01  0.1905247E-02
  0.2935821E+01  0.1634855E-02
  0.2950746E+01  0.1396077E-02
  0.2965672E+01  0.1184863E-02
  0.2980597E+01  0.9975160E-03
  0.2995522E+01  0.8306533E-03
  0.3010448E+01  0.6811673E-03
  0.3025373E+01  0.5461875E-03
  0.3040299E+01  0.4230412E-03
  0.3055224E+01  0.3092136E-03
  0.3070149E+01  0.2023074E-03
  0.3085075E+01  0.1000000E-03
  0.3100000E+01  0.0000000E+00
