  0.1000000E+00 -0.0000000E+00
  0.1500000E+00 -0.2937599E-03
  0.2000000E+00 -0.3169176E-02
  0.2500000E+00 -0.2860421E-01
  0.3000000E+00 -0.2174899E+00
  0.3500000E+00 -0.1393305E+01
  0.4000000E+00 -0.7524556E+01
  0.4500000E+00 -0.3429078E+02
  0.5000000E+00 -0.1320633E+03
  0.5500000E+00 -0.4306608E+03
  0.6000000E+00 -0.1191840E+04
  0.6500000E+00 -0.2805731E+04
  0.7000000E+00 -0.5629587E+04
  0.7500000E+00 -0.9635337E+04
  0.8000000E+00 -0.1404212E+05
  0.8500000E+00 -0.1729419E+05
  0.9000000E+00 -0.1762492E+05
  0.9500000E+00 -0.1399559E+05
  0.1000000E+01 -0.6796919E+04
  0.1050000E+01  0.2196401E+04
  0.1100000E+01  0.1062730E+05
  0.1150000E+01  0.1656875E+05
  0.1200000E+01  0.1917327E+05
  0.1250000E+01  0.1871250E+05
  0.1300000E+01  0.1616201E+05
  0.1350000E+01  0.1266635E+05
  0.1400000E+01  0.9149153E+04
  0.1450000E+01  0.6158016E+04
  0.1500000E+01  0.3894375E+04
  0.1550000E+01  0.2329460E+04
  0.1600000E+01  0.1325209E+04
  0.1650000E+01  0.7203773E+03
  0.1700000E+01  0.3757047E+03
  0.1750000E+01  0.1886664E+03
  0.1800000E+01  0.9151239E+02
  0.1850000E+01  0.4299661E+02
  0.1900000E+01  0.1961849E+02
  0.1950000E+01  0.8713168E+01
  0.2000000E+01  0.3774641E+01
  0.2050000E+01  0.1598058E+01
  0.2100000E+01  0.6623435E+00
  0.2150000E+01  0.2691783E+00
  0.2200000E+01  0.1074230E+00
  0.2250000E+01  0.4215386E-01
  0.2300000E+01  0.1628524E-01
  0.2350000E+01  0.6200811E-02
  0.2400000E+01  0.2328967E-02
  0.2450000E+01  0.8623766E-03
  0.2500000E+01  0.3115174E-03
  0.2550000E+01  0.1000000E-03
  0.2600000E+01  0.0000000E+00
