  0.1000000E+00 -0.0000000E+00
  0.1124688E+00 -0.2480711E-07
  0.1249377E+00 -0.6320034E-07
  0.1374065E+00 -0.1342271E-06
  0.1498753E+00 -0.2705308E-06
  0.1623441E+00 -0.5306097E-06
  0.1748130E+00 -0.1018814E-05
  0.1872818E+00 -0.1918092E-05
  0.1997506E+00 -0.3542689E-05
  0.2122195E+00 -0.6420945E-05
  0.2246883E+00 -0.1142214E-04
  0.2371571E+00 -0.1994555E-04
  0.2496259E+00 -0.3419455E-04
  0.2620948E+00 -0.5756216E-04
  0.2745636E+00 -0.9515662E-04
  0.2870324E+00 -0.1544936E-03
  0.2995012E+00 -0.2463737E-03
  0.3119701E+00 -0.3859464E-03
  0.3244389E+00 -0.5939353E-03
  0.3369077E+00 -0.8979545E-03
  0.3493766E+00 -0.1333793E-02
  0.3618454E+00 -0.1946471E-02
  0.3743142E+00 -0.2790812E-02
  0.3867830E+00 -0.3931172E-02
  0.3992519E+00 -0.5439958E-02
  0.4117207E+00 -0.7394510E-02
  0.4241895E+00 -0.9871991E-02
  0.4366584E+00 -0.1294203E-01
  0.4491272E+00 -0.1665712E-01
  0.4615960E+00 -0.2104092E-01
  0.4740648E+00 -0.2607538E-01
  0.4865337E+00 -0.3168744E-01
  0.4990025E+00 -0.3773727E-01
  0.5114713E+00 -0.4400958E-01
  0.5239401E+00 -0.5021045E-01
  0.5364090E+00 -0.5597162E-01
  0.5488778E+00 -0.6086404E-01
  0.5613466E+00 -0.6442166E-01
  0.5738155E+00 -0.6617546E-01
  0.5862843E+00 -0.6569635E-01
  0.5987531E+00 -0.6264385E-01
  0.6112219E+00 -0.5681628E-01
  0.6236908E+00 -0.4819685E-01
  0.6361596E+00 -0.3698920E-01
  0.6486284E+00 -0.2363625E-01
  0.6610973E+00 -0.8816891E-02
  0.6735661E+00  0.6582970E-02
  0.6860349E+00  0.2152594E-01
  0.6985037E+00  0.3490300E-01
  0.7109726E+00  0.4563190E-01
  0.7234414E+00  0.5276535E-01
  0.7359102E+00  0.5559754E-01
  0.7483791E+00  0.5375663E-01
  0.7608479E+00  0.4727076E-01
  0.7733167E+00  0.3659717E-01
  0.7857855E+00  0.2260760E-01
  0.7982544E+00  0.6527576E-02
  0.8107232E+00 -0.1016719E-01
  0.8231920E+00 -0.2588854E-01
  0.8356608E+00 -0.3909441E-01
  0.8481297E+00 -0.4845103E-01
  0.8605985E+00 -0.5298051E-01
  0.8730673E+00 -0.5217603E-01
  0.8855362E+00 -0.4606987E-01
  0.8980050E+00 -0.3524449E-01
  0.9104738E+00 -0.2078343E-01
  0.9229426E+00 -0.4165525E-02
  0.9354115E+00  0.1288685E-01
  0.9478803E+00  0.2858948E-01
  0.9603491E+00  0.4128769E-01
  0.9728180E+00  0.4963600E-01
  0.9852868E+00  0.5274542E-01
  0.9977556E+00  0.5028163E-01
  0.1010224E+01  0.4250267E-01
  0.1022693E+01  0.3023170E-01
  0.1035162E+01  0.1476818E-01
  0.1047631E+01 -0.2252787E-02
  0.1060100E+01 -0.1903663E-01
  0.1072569E+01 -0.3382157E-01
  0.1085037E+01 -0.4506551E-01
  0.1097506E+01 -0.5160722E-01
  0.1109975E+01 -0.5278477E-01
  0.1122444E+01 -0.4849914E-01
  0.1134913E+01 -0.3921736E-01
  0.1147382E+01 -0.2591606E-01
  0.1159850E+01 -0.9972994E-02
  0.1172319E+01  0.6980767E-02
  0.1184788E+01  0.2323143E-01
  0.1197257E+01  0.3715740E-01
  0.1209726E+01  0.4739049E-01
  0.1222195E+01  0.5294721E-01
  0.1234663E+01  0.5331799E-01
  0.1247132E+01  0.4850674E-01
  0.1259601E+01  0.3901871E-01
  0.1272070E+01  0.2579970E-01
  0.1284539E+01  0.1013471E-01
  0.1297007E+01 -0.6482700E-02
  0.1309476E+01 -0.2249637E-01
  0.1321945E+01 -0.3643427E-01
  0.1334414E+01 -0.4704211E-01
  0.1346883E+01 -0.5339195E-01
  0.1359352E+01 -0.5495680E-01
  0.1371820E+01 -0.5164611E-01
  0.1384289E+01 -0.4380075E-01
  0.1396758E+01 -0.3214987E-01
  0.1409227E+01 -0.1773554E-01
  0.1421696E+01 -0.1813290E-02
  0.1434165E+01  0.1426143E-01
  0.1446633E+01  0.2915042E-01
  0.1459102E+01  0.4164330E-01
  0.1471571E+01  0.5075265E-01
  0.1484040E+01  0.5578655E-01
  0.1496509E+01  0.5639382E-01
  0.1508978E+01  0.5257993E-01
  0.1521446E+01  0.4469394E-01
  0.1533915E+01  0.3338909E-01
  0.1546384E+01  0.1956187E-01
  0.1558853E+01  0.4275419E-02
  0.1571322E+01 -0.1132592E-01
  0.1583791E+01 -0.2610380E-01
  0.1596259E+01 -0.3900837E-01
  0.1608728E+01 -0.4915013E-01
  0.1621197E+01 -0.5585670E-01
  0.1633666E+01 -0.5871131E-01
  0.1646135E+01 -0.5757144E-01
  0.1658603E+01 -0.5256769E-01
  0.1671072E+01 -0.4408402E-01
  0.1683541E+01 -0.3272221E-01
  0.1696010E+01 -0.1925366E-01
  0.1708479E+01 -0.4562827E-02
  0.1720948E+01  0.1041359E-01
  0.1733416E+01  0.2474747E-01
  0.1745885E+01  0.3757615E-01
  0.1758354E+01  0.4815221E-01
  0.1770823E+01  0.5588339E-01
  0.1783292E+01  0.6036100E-01
  0.1795761E+01  0.6137582E-01
  0.1808229E+01  0.5892155E-01
  0.1820698E+01  0.5318631E-01
  0.1833167E+01  0.4453363E-01
  0.1845636E+01  0.3347480E-01
  0.1858105E+01  0.2063464E-01
  0.1870574E+01  0.6713068E-02
  0.1883042E+01 -0.7554941E-02
  0.1895511E+01 -0.2143904E-01
  0.1907980E+01 -0.3425051E-01
  0.1920449E+01 -0.4537493E-01
  0.1932918E+01 -0.5429919E-01
  0.1945387E+01 -0.6063179E-01
  0.1957855E+01 -0.6411603E-01
  0.1970324E+01 -0.6463585E-01
  0.1982793E+01 -0.6221472E-01
  0.1995262E+01 -0.5700799E-01
  0.2007731E+01 -0.4928973E-01
  0.2020200E+01 -0.3943496E-01
  0.2032668E+01 -0.2789853E-01
  0.2045137E+01 -0.1519173E-01
  0.2057606E+01 -0.1858041E-02
  0.2070075E+01  0.1155107E-01
  0.2082544E+01  0.2449906E-01
  0.2095012E+01  0.3648523E-01
  0.2107481E+01  0.4706283E-01
  0.2119950E+01  0.5585380E-01
  0.2132419E+01  0.6255995E-01
  0.2144888E+01  0.6697027E-01
  0.2157357E+01  0.6896443E-01
  0.2169825E+01  0.6851270E-01
  0.2182294E+01  0.6567251E-01
  0.2194763E+01  0.6058202E-01
  0.2207232E+01  0.5345133E-01
  0.2219701E+01  0.4455162E-01
  0.2232170E+01  0.3420295E-01
  0.2244638E+01  0.2276124E-01
  0.2257107E+01  0.1060482E-01
  0.2269576E+01 -0.1878748E-02
  0.2282045E+01 -0.1430538E-01
  0.2294514E+01 -0.2630611E-01
  0.2306983E+01 -0.3753756E-01
  0.2319451E+01 -0.4769080E-01
  0.2331920E+01 -0.5649869E-01
  0.2344389E+01 -0.6374136E-01
  0.2356858E+01 -0.6924998E-01
  0.2369327E+01 -0.7290875E-01
  0.2381796E+01 -0.7465530E-01
  0.2394264E+01 -0.7447953E-01
  0.2406733E+01 -0.7242107E-01
  0.2419202E+01 -0.6856559E-01
  0.2431671E+01 -0.6304016E-01
  0.2444140E+01 -0.5600780E-01
  0.2456608E+01 -0.4766152E-01
  0.2469077E+01 -0.3821800E-01
  0.2481546E+01 -0.2791116E-01
  0.2494015E+01 -0.1698569E-01
  0.2506484E+01 -0.5690869E-02
  0.2518953E+01  0.5725347E-02
  0.2531421E+01  0.1702176E-01
  0.2543890E+01  0.2796882E-01
  0.2556359E+01  0.3835289E-01
  0.2568828E+01  0.4797986E-01
  0.2581297E+01  0.5667808E-01
  0.2593766E+01  0.6430056E-01
  0.2606234E+01  0.7072653E-01
  0.2618703E+01  0.7586230E-01
  0.2631172E+01  0.7964154E-01
  0.2643641E+01  0.8202494E-01
  0.2656110E+01  0.8299940E-01
  0.2668579E+01  0.8257676E-01
  0.2681047E+01  0.8079212E-01
  0.2693516E+01  0.7770188E-01
  0.2705985E+01  0.7338153E-01
  0.2718454E+01  0.6792319E-01
  0.2730923E+01  0.6143316E-01
  0.2743392E+01  0.5402928E-01
  0.2755860E+01  0.4583837E-01
  0.2768329E+01  0.3699367E-01
  0.2780798E+01  0.2763241E-01
  0.2793267E+01  0.1789344E-01
  0.2805736E+01  0.7915072E-02
  0.2818204E+01 -0.2166934E-02
  0.2830673E+01 -0.1222118E-01
  0.2843142E+01 -0.2212221E-01
  0.2855611E+01 -0.3175193E-01
  0.2868080E+01 -0.4100074E-01
  0.2880549E+01 -0.4976850E-01
  0.2893017E+01 -0.5796525E-01
  0.2905486E+01 -0.6551174E-01
  0.2917955E+01 -0.7233977E-01
  0.2930424E+01 -0.7839235E-01
  0.2942893E+01 -0.8362367E-01
  0.2955362E+01 -0.8799895E-01
  0.2967830E+01 -0.9149412E-01
  0.2980299E+01 -0.9409545E-01
  0.2992768E+01 -0.9579897E-01
  0.3005237E+01 -0.9660994E-01
  0.3017706E+01 -0.9654214E-01
  0.3030175E+01 -0.9561716E-01
  0.3042643E+01 -0.9386365E-01
  0.3055112E+01 -0.9131655E-01
  0.3067581E+01 -0.8801629E-01
  0.3080050E+01 -0.8400801E-01
  0.3092519E+01 -0.7934077E-01
  0.3104988E+01 -0.7406682E-01
  0.3117456E+01 -0.6824084E-01
  0.3129925E+01 -0.6191927E-01
  0.3142394E+01 -0.5515964E-01
  0.3154863E+01 -0.4801994E-01
  0.3167332E+01 -0.4055808E-01
  0.3179800E+01 -0.3283138E-01
  0.3192269E+01 -0.2489604E-01
  0.3204738E+01 -0.1680680E-01
  0.3217207E+01 -0.8616522E-02
  0.3229676E+01 -0.3758822E-03
  0.3242145E+01  0.7866892E-02
  0.3254613E+01  0.1606625E-01
  0.3267082E+01  0.2417951E-01
  0.3279551E+01  0.3216695E-01
  0.3292020E+01  0.3999198E-01
  0.3304489E+01  0.4762114E-01
  0.3316958E+01  0.5502415E-01
  0.3329426E+01  0.6217390E-01
  0.3341895E+01  0.6904644E-01
  0.3354364E+01  0.7562091E-01
  0.3366833E+01  0.8187945E-01
  0.3379302E+01  0.8780714E-01
  0.3391771E+01  0.9339184E-01
  0.3404239E+01  0.9862411E-01
  0.3416708E+01  0.1034970E+00
  0.3429177E+01  0.1080062E+00
  0.3441646E+01  0.1121492E+00
  0.3454115E+01  0.1159260E+00
  0.3466584E+01  0.1193384E+00
  0.3479052E+01  0.1223900E+00
  0.3491521E+01  0.1250859E+00
  0.3503990E+01  0.1274327E+00
  0.3516459E+01  0.1294385E+00
  0.3528928E+01  0.1311124E+00
  0.3541397E+01  0.1324645E+00
  0.3553865E+01  0.1335059E+00
  0.3566334E+01  0.1342483E+00
  0.3578803E+01  0.1347041E+00
  0.3591272E+01  0.1348863E+00
  0.3603741E+01  0.1348081E+00
  0.3616209E+01  0.1344830E+00
  0.3628678E+01  0.1339249E+00
  0.3641147E+01  0.1331476E+00
  0.3653616E+01  0.1321649E+00
  0.3666085E+01  0.1309907E+00
  0.3678554E+01  0.1296387E+00
  0.3691022E+01  0.1281223E+00
  0.3703491E+01  0.1264549E+00
  0.3715960E+01  0.1246493E+00
  0.3728429E+01  0.1227182E+00
  0.3740898E+01  0.1206739E+00
  0.3753367E+01  0.1185282E+00
  0.3765835E+01  0.1162925E+00
  0.3778304E+01  0.1139779E+00
  0.3790773E+01  0.1115948E+00
  0.3803242E+01  0.1091533E+00
  0.3815711E+01  0.1066630E+00
  0.3828180E+01  0.1041330E+00
  0.3840648E+01  0.1015717E+00
  0.3853117E+01  0.9898740E-01
  0.3865586E+01  0.9638760E-01
  0.3878055E+01  0.9377945E-01
  0.3890524E+01  0.9116959E-01
  0.3902993E+01  0.8856423E-01
  0.3915461E+01  0.8596911E-01
  0.3927930E+01  0.8338951E-01
  0.3940399E+01  0.8083031E-01
  0.3952868E+01  0.7829598E-01
  0.3965337E+01  0.7579057E-01
  0.3977805E+01  0.7331778E-01
  0.3990274E+01  0.7088091E-01
  0.4002743E+01  0.6848296E-01
  0.4015212E+01  0.6612654E-01
  0.4027681E+01  0.6381400E-01
  0.4040150E+01  0.6154737E-01
  0.4052618E+01  0.5932838E-01
  0.4065087E+01  0.5715852E-01
  0.4077556E+01  0.5503904E-01
  0.4090025E+01  0.5297092E-01
  0.4102494E+01  0.5095496E-01
  0.4114963E+01  0.4899175E-01
  0.4127431E+01  0.4708166E-01
  0.4139900E+01  0.4522493E-01
  0.4152369E+01  0.4342162E-01
  0.4164838E+01  0.4167164E-01
  0.4177307E+01  0.3997477E-01
  0.4189776E+01  0.3833065E-01
  0.4202244E+01  0.3673885E-01
  0.4214713E+01  0.3519879E-01
  0.4227182E+01  0.3370983E-01
  0.4239651E+01  0.3227125E-01
  0.4252120E+01  0.3088222E-01
  0.4264589E+01  0.2954190E-01
  0.4277057E+01  0.2824935E-01
  0.4289526E+01  0.2700361E-01
  0.4301995E+01  0.2580366E-01
  0.4314464E+01  0.2464847E-01
  0.4326933E+01  0.2353694E-01
  0.4339401E+01  0.2246799E-01
  0.4351870E+01  0.2144049E-01
  0.4364339E+01  0.2045332E-01
  0.4376808E+01  0.1950535E-01
  0.4389277E+01  0.1859542E-01
  0.4401746E+01  0.1772239E-01
  0.4414214E+01  0.1688513E-01
  0.4426683E+01  0.1608249E-01
  0.4439152E+01  0.1531335E-01
  0.4451621E+01  0.1457660E-01
  0.4464090E+01  0.1387112E-01
  0.4476559E+01  0.1319584E-01
  0.4489027E+01  0.1254967E-01
  0.4501496E+01  0.1193157E-01
  0.4513965E+01  0.1134049E-01
  0.4526434E+01  0.1077543E-01
  0.4538903E+01  0.1023539E-01
  0.4551372E+01  0.9719390E-02
  0.4563840E+01  0.9226495E-02
  0.4576309E+01  0.8755774E-02
  0.4588778E+01  0.8306326E-02
  0.4601247E+01  0.7877273E-02
  0.4613716E+01  0.7467761E-02
  0.4626185E+01  0.7076961E-02
  0.4638653E+01  0.6704065E-02
  0.4651122E+01  0.6348293E-02
  0.4663591E+01  0.6008885E-02
  0.4676060E+01  0.5685106E-02
  0.4688529E+01  0.5376244E-02
  0.4700998E+01  0.5081609E-02
  0.4713466E+01  0.4800534E-02
  0.4725935E+01  0.4532373E-02
  0.4738404E+01  0.4276501E-02
  0.4750873E+01  0.4032313E-02
  0.4763342E+01  0.3799227E-02
  0.4775810E+01  0.3576676E-02
  0.4788279E+01  0.3364115E-02
  0.4800748E+01  0.3161016E-02
  0.4813217E+01  0.2966869E-02
  0.4825686E+01  0.2781180E-02
  0.4838155E+01  0.2603471E-02
  0.4850623E+01  0.2433279E-02
  0.4863092E+01  0.2270158E-02
  0.4875561E+01  0.2113672E-02
  0.4888030E+01  0.1963402E-02
  0.4900499E+01  0.1818938E-02
  0.4912968E+01  0.1679884E-02
  0.4925436E+01  0.1545855E-02
  0.4937905E+01  0.1416473E-02
  0.4950374E+01  0.1291373E-02
  0.4962843E+01  0.1170197E-02
  0.4975312E+01  0.1052595E-02
  0.4987781E+01  0.9382223E-03
  0.5000249E+01  0.8267431E-03
  0.5012718E+01  0.7178253E-03
  0.5025187E+01  0.6111418E-03
  0.5037656E+01  0.5063691E-03
  0.5050125E+01  0.4031866E-03
  0.5062594E+01  0.3012758E-03
  0.5075062E+01  0.2003194E-03
  0.5087531E+01  0.1000000E-03
  0.5100000E+01  0.0000000E+00
