  0.1000000E+00  0.0000000E+00
  0.1247525E+00  0.1438137E-06
  0.1495050E+00  0.6146930E-06
  0.1742574E+00  0.2341958E-05
  0.1990099E+00  0.8360156E-05
  0.2237624E+00  0.2806986E-04
  0.2485149E+00  0.8873908E-04
  0.2732673E+00  0.2643701E-03
  0.2980198E+00  0.7428462E-03
  0.3227723E+00  0.1970322E-02
  0.3475248E+00  0.4937221E-02
  0.3722772E+00  0.1169710E-01
  0.3970297E+00  0.2622112E-01
  0.4217822E+00  0.5565514E-01
  0.4465347E+00  0.1119215E+00
  0.4712871E+00  0.2133585E+00
  0.4960396E+00  0.3857244E+00
  0.5207921E+00  0.6615023E+00
  0.5455446E+00  0.1076224E+01
  0.5702970E+00  0.1660761E+01
  0.5950495E+00  0.2429443E+01
  0.6198020E+00  0.3365518E+01
  0.6445545E+00  0.4407481E+01
  0.6693069E+00  0.5441515E+01
  0.6940594E+00  0.6305677E+01
  0.7188119E+00  0.6809749E+01
  0.7435644E+00  0.6770742E+01
  0.7683168E+00  0.6058596E+01
  0.7930693E+00  0.4641467E+01
  0.8178218E+00  0.2617214E+01
  0.8425743E+00  0.2187960E+00
  0.8673267E+00 -0.2213105E+01
  0.8920792E+00 -0.4288258E+01
  0.9168317E+00 -0.5644587E+01
  0.9415842E+00 -0.6027378E+01
  0.9663366E+00 -0.5350052E+01
  0.9910891E+00 -0.3720465E+01
  0.1015842E+01 -0.1425217E+01
  0.1040594E+01  0.1124832E+01
  0.1065347E+01  0.3475020E+01
  0.1090099E+01  0.5214584E+01
  0.1114851E+01  0.6052132E+01
  0.1139604E+01  0.5863548E+01
  0.1164356E+01  0.4704537E+01
  0.1189109E+01  0.2788532E+01
  0.1213861E+01  0.4379919E+00
  0.1238614E+01 -0.1978391E+01
  0.1263366E+01 -0.4108982E+01
  0.1288119E+01 -0.5671443E+01
  0.1312871E+01 -0.6486414E+01
  0.1337624E+01 -0.6489943E+01
  0.1362376E+01 -0.5726337E+01
  0.1387129E+01 -0.4326261E+01
  0.1411881E+01 -0.2476414E+01
  0.1436634E+01 -0.3871496E+00
  0.1461386E+01  0.1736695E+01
  0.1486139E+01  0.3718283E+01
  0.1510891E+01  0.5422949E+01
  0.1535644E+01  0.6764113E+01
  0.1560396E+01  0.7702174E+01
  0.1585149E+01  0.8238312E+01
  0.1609901E+01  0.8405286E+01
  0.1634653E+01  0.8257141E+01
  0.1659406E+01  0.7859353E+01
  0.1684158E+01  0.7280407E+01
  0.1708911E+01  0.6585343E+01
  0.1733663E+01  0.5831415E+01
  0.1758416E+01  0.5065676E+01
  0.1783168E+01  0.4324172E+01
  0.1807921E+01  0.3632333E+01
  0.1832673E+01  0.3006143E+01
  0.1857426E+01  0.2453738E+01
  0.1882178E+01  0.1977145E+01
  0.1906931E+01  0.1573953E+01
  0.1931683E+01  0.1238803E+01
  0.1956436E+01  0.9646116E+00
  0.1981188E+01  0.7435305E+00
  0.2005941E+01  0.5676428E+00
  0.2030693E+01  0.4294335E+00
  0.2055446E+01  0.3220765E+00
  0.2080198E+01  0.2395781E+00
  0.2104950E+01  0.1768196E+00
  0.2129703E+01  0.1295289E+00
  0.2154455E+01  0.9421157E-01
  0.2179208E+01  0.6805834E-01
  0.2203960E+01  0.4884586E-01
  0.2228713E+01  0.3483898E-01
  0.2253465E+01  0.2470065E-01
  0.2278218E+01  0.1741256E-01
  0.2302970E+01  0.1220745E-01
  0.2327723E+01  0.8512956E-02
  0.2352475E+01  0.5905999E-02
  0.2377228E+01  0.4076549E-02
  0.2401980E+01  0.2799203E-02
  0.2426733E+01  0.1911267E-02
  0.2451485E+01  0.1296051E-02
  0.2476238E+01  0.8702735E-03
  0.2500990E+01  0.5746357E-03
  0.2525743E+01  0.3668113E-03
  0.2550495E+01  0.2162080E-03
  0.2575248E+01  0.1000000E-03
  0.2600000E+01  0.0000000E+00
