  0.1000000E+00  0.0000000E+00
  0.1102449E+00  0.4996979E-07
  0.1204898E+00  0.1176512E-06
  0.1307346E+00  0.2250587E-06
  0.1409795E+00  0.4048094E-06
  0.1512244E+00  0.7083404E-06
  0.1614693E+00  0.1217745E-05
  0.1717141E+00  0.2063280E-05
  0.1819590E+00  0.3449220E-05
  0.1922039E+00  0.5691567E-05
  0.2024488E+00  0.9272211E-05
  0.2126937E+00  0.1491537E-04
  0.2229385E+00  0.2369356E-04
  0.2331834E+00  0.3717172E-04
  0.2434283E+00  0.5759942E-04
  0.2536732E+00  0.8816199E-04
  0.2639180E+00  0.1333014E-03
  0.2741629E+00  0.1991169E-03
  0.2844078E+00  0.2938522E-03
  0.2946527E+00  0.4284719E-03
  0.3048976E+00  0.6173198E-03
  0.3151424E+00  0.8788438E-03
  0.3253873E+00  0.1236354E-02
  0.3356322E+00  0.1718761E-02
  0.3458771E+00  0.2361230E-02
  0.3561219E+00  0.3205646E-02
  0.3663668E+00  0.4300776E-02
  0.3766117E+00  0.5701987E-02
  0.3868566E+00  0.7470375E-02
  0.3971014E+00  0.9671137E-02
  0.4073463E+00  0.1237105E-01
  0.4175912E+00  0.1563493E-01
  0.4278361E+00  0.1952105E-01
  0.4380810E+00  0.2407547E-01
  0.4483258E+00  0.2932544E-01
  0.4585707E+00  0.3527216E-01
  0.4688156E+00  0.4188316E-01
  0.4790605E+00  0.4908496E-01
  0.4893053E+00  0.5675655E-01
  0.4995502E+00  0.6472455E-01
  0.5097951E+00  0.7276076E-01
  0.5200400E+00  0.8058303E-01
  0.5302849E+00  0.8786006E-01
  0.5405297E+00  0.9422080E-01
  0.5507746E+00  0.9926865E-01
  0.5610195E+00  0.1026004E+00
  0.5712644E+00  0.1038297E+00
  0.5815092E+00  0.1026131E+00
  0.5917541E+00  0.9867969E-01
  0.6019990E+00  0.9185760E-01
  0.6122439E+00  0.8210187E-01
  0.6224888E+00  0.6951559E-01
  0.6327336E+00  0.5436453E-01
  0.6429785E+00  0.3708247E-01
  0.6532234E+00  0.1826559E-01
  0.6634683E+00 -0.1345338E-02
  0.6737131E+00 -0.2089512E-01
  0.6839580E+00 -0.3945598E-01
  0.6942029E+00 -0.5607928E-01
  0.7044478E+00 -0.6985416E-01
  0.7146927E+00 -0.7996956E-01
  0.7249375E+00 -0.8577504E-01
  0.7351824E+00 -0.8683572E-01
  0.7454273E+00 -0.8297648E-01
  0.7556722E+00 -0.7431127E-01
  0.7659170E+00 -0.6125382E-01
  0.7761619E+00 -0.4450775E-01
  0.7864068E+00 -0.2503508E-01
  0.7966517E+00 -0.4004356E-02
  0.8068966E+00  0.1727922E-01
  0.8171414E+00  0.3745712E-01
  0.8273863E+00  0.5520878E-01
  0.8376312E+00  0.6934430E-01
  0.8478761E+00  0.7889140E-01
  0.8581209E+00  0.8316985E-01
  0.8683658E+00  0.8184714E-01
  0.8786107E+00  0.7497043E-01
  0.8888556E+00  0.6297160E-01
  0.8991004E+00  0.4664418E-01
  0.9093453E+00  0.2709314E-01
  0.9195902E+00  0.5660748E-02
  0.9298351E+00 -0.1616635E-01
  0.9400800E+00 -0.3686221E-01
  0.9503248E+00 -0.5497090E-01
  0.9605697E+00 -0.6921198E-01
  0.9708146E+00 -0.7857397E-01
  0.9810595E+00 -0.8238875E-01
  0.9913043E+00 -0.8038115E-01
  0.1001549E+01 -0.7268982E-01
  0.1011794E+01 -0.5985787E-01
  0.1022039E+01 -0.4279389E-01
  0.1032284E+01 -0.2270629E-01
  0.1042529E+01 -0.1015988E-02
  0.1052774E+01  0.2074592E-01
  0.1063018E+01  0.4104804E-01
  0.1073263E+01  0.5846773E-01
  0.1083508E+01  0.7179146E-01
  0.1093753E+01  0.8009926E-01
  0.1103998E+01  0.8282728E-01
  0.1114243E+01  0.7980421E-01
  0.1124488E+01  0.7125944E-01
  0.1134733E+01  0.5780284E-01
  0.1144978E+01  0.4037803E-01
  0.1155222E+01  0.2019311E-01
  0.1165467E+01 -0.1365919E-02
  0.1175712E+01 -0.2283244E-01
  0.1185957E+01 -0.4276031E-01
  0.1196202E+01 -0.5982154E-01
  0.1206447E+01 -0.7289397E-01
  0.1216692E+01 -0.8113311E-01
  0.1226937E+01 -0.8402377E-01
  0.1237181E+01 -0.8140848E-01
  0.1247426E+01 -0.7349143E-01
  0.1257671E+01 -0.6081854E-01
  0.1267916E+01 -0.4423549E-01
  0.1278161E+01 -0.2482742E-01
  0.1288406E+01 -0.3844624E-02
  0.1298651E+01  0.1738032E-01
  0.1308896E+01  0.3751841E-01
  0.1319140E+01  0.5532743E-01
  0.1329385E+01  0.6972738E-01
  0.1339630E+01  0.7986352E-01
  0.1349875E+01  0.8515370E-01
  0.1360120E+01  0.8531745E-01
  0.1370365E+01  0.8038587E-01
  0.1380610E+01  0.7069236E-01
  0.1390855E+01  0.5684558E-01
  0.1401099E+01  0.3968691E-01
  0.1411344E+01  0.2023558E-01
  0.1421589E+01 -0.3747012E-03
  0.1431834E+01 -0.2096371E-01
  0.1442079E+01 -0.4037294E-01
  0.1452324E+01 -0.5753031E-01
  0.1462569E+01 -0.7150768E-01
  0.1472814E+01 -0.8156843E-01
  0.1483058E+01 -0.8720256E-01
  0.1493303E+01 -0.8814828E-01
  0.1503548E+01 -0.8439920E-01
  0.1513793E+01 -0.7619757E-01
  0.1524038E+01 -0.6401450E-01
  0.1534283E+01 -0.4851885E-01
  0.1544528E+01 -0.3053690E-01
  0.1554773E+01 -0.1100547E-01
  0.1565017E+01  0.9078857E-02
  0.1575262E+01  0.2871162E-01
  0.1585507E+01  0.4693068E-01
  0.1595752E+01  0.6286234E-01
  0.1605997E+01  0.7576136E-01
  0.1616242E+01  0.8504297E-01
  0.1626487E+01  0.9030599E-01
  0.1636732E+01  0.9134615E-01
  0.1646977E+01  0.8815956E-01
  0.1657221E+01  0.8093665E-01
  0.1667466E+01  0.7004744E-01
  0.1677711E+01  0.5601904E-01
  0.1687956E+01  0.3950708E-01
  0.1698201E+01  0.2126250E-01
  0.1708446E+01  0.2095550E-02
  0.1718691E+01 -0.1716131E-01
  0.1728936E+01 -0.3568991E-01
  0.1739180E+01 -0.5272065E-01
  0.1749425E+01 -0.6756328E-01
  0.1759670E+01 -0.7963299E-01
  0.1769915E+01 -0.8847095E-01
  0.1780160E+01 -0.9375882E-01
  0.1790405E+01 -0.9532685E-01
  0.1800650E+01 -0.9315569E-01
  0.1810895E+01 -0.8737209E-01
  0.1821139E+01 -0.7823903E-01
  0.1831384E+01 -0.6614106E-01
  0.1841629E+01 -0.5156550E-01
  0.1851874E+01 -0.3508068E-01
  0.1862119E+01 -0.1731203E-01
  0.1872364E+01  0.1082794E-02
  0.1882609E+01  0.1943891E-01
  0.1892854E+01  0.3710829E-01
  0.1903098E+01  0.5348216E-01
  0.1913343E+01  0.6801093E-01
  0.1923588E+01  0.8022117E-01
  0.1933833E+01  0.8972915E-01
  0.1944078E+01  0.9625063E-01
  0.1954323E+01  0.9960689E-01
  0.1964568E+01  0.9972686E-01
  0.1974813E+01  0.9664564E-01
  0.1985057E+01  0.9049958E-01
  0.1995302E+01  0.8151832E-01
  0.2005547E+01  0.7001423E-01
  0.2015792E+01  0.5636971E-01
  0.2026037E+01  0.4102291E-01
  0.2036282E+01  0.2445245E-01
  0.2046527E+01  0.7161547E-02
  0.2056772E+01 -0.1033776E-01
  0.2067016E+01 -0.2753995E-01
  0.2077261E+01 -0.4396035E-01
  0.2087506E+01 -0.5914832E-01
  0.2097751E+01 -0.7269862E-01
  0.2107996E+01 -0.8426114E-01
  0.2118241E+01 -0.9354843E-01
  0.2128486E+01 -0.1003413E+00
  0.2138731E+01 -0.1044921E+00
  0.2148976E+01 -0.1059261E+00
  0.2159220E+01 -0.1046406E+00
  0.2169465E+01 -0.1007025E+00
  0.2179710E+01 -0.9424377E-01
  0.2189955E+01 -0.8545598E-01
  0.2200200E+01 -0.7458306E-01
  0.2210445E+01 -0.6191339E-01
  0.2220690E+01 -0.4777117E-01
  0.2230935E+01 -0.3250723E-01
  0.2241179E+01 -0.1648974E-01
  0.2251424E+01 -0.9487100E-04
  0.2261669E+01  0.1630214E-01
  0.2271914E+01  0.3233557E-01
  0.2282159E+01  0.4765712E-01
  0.2292404E+01  0.6194298E-01
  0.2302649E+01  0.7490002E-01
  0.2312894E+01  0.8627104E-01
  0.2323138E+01  0.9583887E-01
  0.2333383E+01  0.1034295E+00
  0.2343628E+01  0.1089139E+00
  0.2353873E+01  0.1122092E+00
  0.2364118E+01  0.1132786E+00
  0.2374363E+01  0.1121301E+00
  0.2384608E+01  0.1088148E+00
  0.2394853E+01  0.1034242E+00
  0.2405097E+01  0.9608691E-01
  0.2415342E+01  0.8696470E-01
  0.2425587E+01  0.7624820E-01
  0.2435832E+01  0.6415222E-01
  0.2446077E+01  0.5091085E-01
  0.2456322E+01  0.3677245E-01
  0.2466567E+01  0.2199468E-01
  0.2476812E+01  0.6839521E-02
  0.2487056E+01 -0.8431444E-02
  0.2497301E+01 -0.2356154E-01
  0.2507546E+01 -0.3830317E-01
  0.2517791E+01 -0.5242167E-01
  0.2528036E+01 -0.6569865E-01
  0.2538281E+01 -0.7793497E-01
  0.2548526E+01 -0.8895320E-01
  0.2558771E+01 -0.9859964E-01
  0.2569015E+01 -0.1067457E+00
  0.2579260E+01 -0.1132892E+00
  0.2589505E+01 -0.1181545E+00
  0.2599750E+01 -0.1212929E+00
  0.2609995E+01 -0.1226822E+00
  0.2620240E+01 -0.1223260E+00
  0.2630485E+01 -0.1202527E+00
  0.2640730E+01 -0.1165141E+00
  0.2650975E+01 -0.1111835E+00
  0.2661219E+01 -0.1043542E+00
  0.2671464E+01 -0.9613704E-01
  0.2681709E+01 -0.8665858E-01
  0.2691954E+01 -0.7605846E-01
  0.2702199E+01 -0.6448713E-01
  0.2712444E+01 -0.5210344E-01
  0.2722689E+01 -0.3907225E-01
  0.2732934E+01 -0.2556204E-01
  0.2743178E+01 -0.1174269E-01
  0.2753423E+01  0.2216757E-02
  0.2763668E+01  0.1615012E-01
  0.2773913E+01  0.2989598E-01
  0.2784158E+01  0.4329945E-01
  0.2794403E+01  0.5621375E-01
  0.2804648E+01  0.6850159E-01
  0.2814893E+01  0.8003640E-01
  0.2825137E+01  0.9070333E-01
  0.2835382E+01  0.1004001E+00
  0.2845627E+01  0.1090375E+00
  0.2855872E+01  0.1165402E+00
  0.2866117E+01  0.1228465E+00
  0.2876362E+01  0.1279089E+00
  0.2886607E+01  0.1316938E+00
  0.2896852E+01  0.1341814E+00
  0.2907096E+01  0.1353651E+00
  0.2917341E+01  0.1352514E+00
  0.2927586E+01  0.1338592E+00
  0.2937831E+01  0.1312188E+00
  0.2948076E+01  0.1273717E+00
  0.2958321E+01  0.1223693E+00
  0.2968566E+01  0.1162721E+00
  0.2978811E+01  0.1091489E+00
  0.2989055E+01  0.1010758E+00
  0.2999300E+01  0.9213513E-01
  0.3009545E+01  0.8241445E-01
  0.3019790E+01  0.7200566E-01
  0.3030035E+01  0.6100390E-01
  0.3040280E+01  0.4950669E-01
  0.3050525E+01  0.3761293E-01
  0.3060770E+01  0.2542203E-01
  0.3071014E+01  0.1303306E-01
  0.3081259E+01  0.5439442E-03
  0.3091504E+01 -0.1194929E-01
  0.3101749E+01 -0.2435322E-01
  0.3111994E+01 -0.3657765E-01
  0.3122239E+01 -0.4853620E-01
  0.3132484E+01 -0.6014681E-01
  0.3142729E+01 -0.7133219E-01
  0.3152974E+01 -0.8202023E-01
  0.3163218E+01 -0.9214430E-01
  0.3173463E+01 -0.1016436E+00
  0.3183708E+01 -0.1104631E+00
  0.3193953E+01 -0.1185542E+00
  0.3204198E+01 -0.1258743E+00
  0.3214443E+01 -0.1323871E+00
  0.3224688E+01 -0.1380626E+00
  0.3234933E+01 -0.1428770E+00
  0.3245177E+01 -0.1468127E+00
  0.3255422E+01 -0.1498578E+00
  0.3265667E+01 -0.1520066E+00
  0.3275912E+01 -0.1532589E+00
  0.3286157E+01 -0.1536197E+00
  0.3296402E+01 -0.1530994E+00
  0.3306647E+01 -0.1517131E+00
  0.3316892E+01 -0.1494806E+00
  0.3327136E+01 -0.1464260E+00
  0.3337381E+01 -0.1425772E+00
  0.3347626E+01 -0.1379658E+00
  0.3357871E+01 -0.1326269E+00
  0.3368116E+01 -0.1265982E+00
  0.3378361E+01 -0.1199202E+00
  0.3388606E+01 -0.1126359E+00
  0.3398851E+01 -0.1047899E+00
  0.3409095E+01 -0.9642861E-01
  0.3419340E+01 -0.8759981E-01
  0.3429585E+01 -0.7835220E-01
  0.3439830E+01 -0.6873521E-01
  0.3450075E+01 -0.5879869E-01
  0.3460320E+01 -0.4859265E-01
  0.3470565E+01 -0.3816698E-01
  0.3480810E+01 -0.2757121E-01
  0.3491054E+01 -0.1685426E-01
  0.3501299E+01 -0.6064289E-02
  0.3511544E+01  0.4751598E-02
  0.3521789E+01  0.1554747E-01
  0.3532034E+01  0.2627874E-01
  0.3542279E+01  0.3690238E-01
  0.3552524E+01  0.4737697E-01
  0.3562769E+01  0.5766288E-01
  0.3573013E+01  0.6772235E-01
  0.3583258E+01  0.7751961E-01
  0.3593503E+01  0.8702092E-01
  0.3603748E+01  0.9619465E-01
  0.3613993E+01  0.1050113E+00
  0.3624238E+01  0.1134437E+00
  0.3634483E+01  0.1214667E+00
  0.3644728E+01  0.1290576E+00
  0.3654973E+01  0.1361957E+00
  0.3665217E+01  0.1428627E+00
  0.3675462E+01  0.1490425E+00
  0.3685707E+01  0.1547211E+00
  0.3695952E+01  0.1598867E+00
  0.3706197E+01  0.1645296E+00
  0.3716442E+01  0.1686422E+00
  0.3726687E+01  0.1722189E+00
  0.3736932E+01  0.1752559E+00
  0.3747176E+01  0.1777515E+00
  0.3757421E+01  0.1797056E+00
  0.3767666E+01  0.1811200E+00
  0.3777911E+01  0.1819981E+00
  0.3788156E+01  0.1823448E+00
  0.3798401E+01  0.1821667E+00
  0.3808646E+01  0.1814715E+00
  0.3818891E+01  0.1802685E+00
  0.3829135E+01  0.1785681E+00
  0.3839380E+01  0.1763820E+00
  0.3849625E+01  0.1737229E+00
  0.3859870E+01  0.1706044E+00
  0.3870115E+01  0.1670411E+00
  0.3880360E+01  0.1630485E+00
  0.3890605E+01  0.1586427E+00
  0.3900850E+01  0.1538404E+00
  0.3911094E+01  0.1486592E+00
  0.3921339E+01  0.1431170E+00
  0.3931584E+01  0.1372320E+00
  0.3941829E+01  0.1310231E+00
  0.3952074E+01  0.1245092E+00
  0.3962319E+01  0.1177096E+00
  0.3972564E+01  0.1106436E+00
  0.3982809E+01  0.1033308E+00
  0.3993053E+01  0.9579083E-01
  0.4003298E+01  0.8804312E-01
  0.4013543E+01  0.8010721E-01
  0.4023788E+01  0.7200246E-01
  0.4034033E+01  0.6374811E-01
  0.4044278E+01  0.5536317E-01
  0.4054523E+01  0.4686641E-01
  0.4064768E+01  0.3827634E-01
  0.4075012E+01  0.2961112E-01
  0.4085257E+01  0.2088860E-01
  0.4095502E+01  0.1212622E-01
  0.4105747E+01  0.3341031E-02
  0.4115992E+01 -0.5450356E-02
  0.4126237E+01 -0.1423178E-01
  0.4136482E+01 -0.2298755E-01
  0.4146727E+01 -0.3170246E-01
  0.4156972E+01 -0.4036183E-01
  0.4167216E+01 -0.4895148E-01
  0.4177461E+01 -0.5745778E-01
  0.4187706E+01 -0.6586761E-01
  0.4197951E+01 -0.7416842E-01
  0.4208196E+01 -0.8234820E-01
  0.4218441E+01 -0.9039551E-01
  0.4228686E+01 -0.9829946E-01
  0.4238931E+01 -0.1060497E+00
  0.4249175E+01 -0.1136365E+00
  0.4259420E+01 -0.1210506E+00
  0.4269665E+01 -0.1282834E+00
  0.4279910E+01 -0.1353267E+00
  0.4290155E+01 -0.1421729E+00
  0.4300400E+01 -0.1488151E+00
  0.4310645E+01 -0.1552466E+00
  0.4320890E+01 -0.1614616E+00
  0.4331134E+01 -0.1674545E+00
  0.4341379E+01 -0.1732204E+00
  0.4351624E+01 -0.1787547E+00
  0.4361869E+01 -0.1840535E+00
  0.4372114E+01 -0.1891131E+00
  0.4382359E+01 -0.1939306E+00
  0.4392604E+01 -0.1985032E+00
  0.4402849E+01 -0.2028287E+00
  0.4413093E+01 -0.2069053E+00
  0.4423338E+01 -0.2107317E+00
  0.4433583E+01 -0.2143068E+00
  0.4443828E+01 -0.2176299E+00
  0.4454073E+01 -0.2207008E+00
  0.4464318E+01 -0.2235195E+00
  0.4474563E+01 -0.2260865E+00
  0.4484808E+01 -0.2284024E+00
  0.4495052E+01 -0.2304684E+00
  0.4505297E+01 -0.2322856E+00
  0.4515542E+01 -0.2338557E+00
  0.4525787E+01 -0.2351807E+00
  0.4536032E+01 -0.2362624E+00
  0.4546277E+01 -0.2371034E+00
  0.4556522E+01 -0.2377062E+00
  0.4566767E+01 -0.2380736E+00
  0.4577011E+01 -0.2382086E+00
  0.4587256E+01 -0.2381142E+00
  0.4597501E+01 -0.2377940E+00
  0.4607746E+01 -0.2372513E+00
  0.4617991E+01 -0.2364899E+00
  0.4628236E+01 -0.2355135E+00
  0.4638481E+01 -0.2343261E+00
  0.4648726E+01 -0.2329318E+00
  0.4658971E+01 -0.2313346E+00
  0.4669215E+01 -0.2295388E+00
  0.4679460E+01 -0.2275489E+00
  0.4689705E+01 -0.2253691E+00
  0.4699950E+01 -0.2230040E+00
  0.4710195E+01 -0.2204582E+00
  0.4720440E+01 -0.2177362E+00
  0.4730685E+01 -0.2148427E+00
  0.4740930E+01 -0.2117824E+00
  0.4751174E+01 -0.2085600E+00
  0.4761419E+01 -0.2051802E+00
  0.4771664E+01 -0.2016479E+00
  0.4781909E+01 -0.1979677E+00
  0.4792154E+01 -0.1941444E+00
  0.4802399E+01 -0.1901828E+00
  0.4812644E+01 -0.1860876E+00
  0.4822889E+01 -0.1818637E+00
  0.4833133E+01 -0.1775156E+00
  0.4843378E+01 -0.1730481E+00
  0.4853623E+01 -0.1684658E+00
  0.4863868E+01 -0.1637735E+00
  0.4874113E+01 -0.1589756E+00
  0.4884358E+01 -0.1540767E+00
  0.4894603E+01 -0.1490814E+00
  0.4904848E+01 -0.1439941E+00
  0.4915092E+01 -0.1388192E+00
  0.4925337E+01 -0.1335610E+00
  0.4935582E+01 -0.1282239E+00
  0.4945827E+01 -0.1228121E+00
  0.4956072E+01 -0.1173297E+00
  0.4966317E+01 -0.1117809E+00
  0.4976562E+01 -0.1061697E+00
  0.4986807E+01 -0.1005002E+00
  0.4997051E+01 -0.9477611E-01
  0.5007296E+01 -0.8900139E-01
  0.5017541E+01 -0.8317979E-01
  0.5027786E+01 -0.7731499E-01
  0.5038031E+01 -0.7141061E-01
  0.5048276E+01 -0.6547020E-01
  0.5058521E+01 -0.5949723E-01
  0.5068766E+01 -0.5349510E-01
  0.5079010E+01 -0.4746711E-01
  0.5089255E+01 -0.4141652E-01
  0.5099500E+01 -0.3534648E-01
  0.5109745E+01 -0.2926009E-01
  0.5119990E+01 -0.2316034E-01
  0.5130235E+01 -0.1705019E-01
  0.5140480E+01 -0.1093248E-01
  0.5150725E+01 -0.4809998E-02
  0.5160970E+01  0.1314557E-02
  0.5171214E+01  0.7438555E-02
  0.5181459E+01  0.1355944E-01
  0.5191704E+01  0.1967474E-01
  0.5201949E+01  0.2578204E-01
  0.5212194E+01  0.3187901E-01
  0.5222439E+01  0.3796340E-01
  0.5232684E+01  0.4403301E-01
  0.5242929E+01  0.5008574E-01
  0.5253173E+01  0.5611954E-01
  0.5263418E+01  0.6213242E-01
  0.5273663E+01  0.6812249E-01
  0.5283908E+01  0.7408789E-01
  0.5294153E+01  0.8002687E-01
  0.5304398E+01  0.8593771E-01
  0.5314643E+01  0.9181876E-01
  0.5324888E+01  0.9766845E-01
  0.5335132E+01  0.1034853E+00
  0.5345377E+01  0.1092677E+00
  0.5355622E+01  0.1150145E+00
  0.5365867E+01  0.1207241E+00
  0.5376112E+01  0.1263954E+00
  0.5386357E+01  0.1320272E+00
  0.5396602E+01  0.1376181E+00
  0.5406847E+01  0.1431673E+00
  0.5417091E+01  0.1486735E+00
  0.5427336E+01  0.1541358E+00
  0.5437581E+01  0.1595532E+00
  0.5447826E+01  0.1649248E+00
  0.5458071E+01  0.1702498E+00
  0.5468316E+01  0.1755273E+00
  0.5478561E+01  0.1807566E+00
  0.5488806E+01  0.1859370E+00
  0.5499050E+01  0.1910677E+00
  0.5509295E+01  0.1961482E+00
  0.5519540E+01  0.2011779E+00
  0.5529785E+01  0.2061562E+00
  0.5540030E+01  0.2110825E+00
  0.5550275E+01  0.2159566E+00
  0.5560520E+01  0.2207778E+00
  0.5570765E+01  0.2255458E+00
  0.5581009E+01  0.2302603E+00
  0.5591254E+01  0.2349209E+00
  0.5601499E+01  0.2395274E+00
  0.5611744E+01  0.2440794E+00
  0.5621989E+01  0.2485767E+00
  0.5632234E+01  0.2530192E+00
  0.5642479E+01  0.2574066E+00
  0.5652724E+01  0.2617389E+00
  0.5662969E+01  0.2660159E+00
  0.5673213E+01  0.2702375E+00
  0.5683458E+01  0.2744037E+00
  0.5693703E+01  0.2785144E+00
  0.5703948E+01  0.2825696E+00
  0.5714193E+01  0.2865694E+00
  0.5724438E+01  0.2905138E+00
  0.5734683E+01  0.2944028E+00
  0.5744928E+01  0.2982364E+00
  0.5755172E+01  0.3020149E+00
  0.5765417E+01  0.3057384E+00
  0.5775662E+01  0.3094068E+00
  0.5785907E+01  0.3130205E+00
  0.5796152E+01  0.3165796E+00
  0.5806397E+01  0.3200842E+00
  0.5816642E+01  0.3235346E+00
  0.5826887E+01  0.3269310E+00
  0.5837131E+01  0.3302736E+00
  0.5847376E+01  0.3335627E+00
  0.5857621E+01  0.3367985E+00
  0.5867866E+01  0.3399814E+00
  0.5878111E+01  0.3431115E+00
  0.5888356E+01  0.3461892E+00
  0.5898601E+01  0.3492147E+00
  0.5908846E+01  0.3521885E+00
  0.5919090E+01  0.3551109E+00
  0.5929335E+01  0.3579821E+00
  0.5939580E+01  0.3608025E+00
  0.5949825E+01  0.3635725E+00
  0.5960070E+01  0.3662924E+00
  0.5970315E+01  0.3689627E+00
  0.5980560E+01  0.3715836E+00
  0.5990805E+01  0.3741556E+00
  0.6001049E+01  0.3766791E+00
  0.6011294E+01  0.3791544E+00
  0.6021539E+01  0.3815820E+00
  0.6031784E+01  0.3839622E+00
  0.6042029E+01  0.3862955E+00
  0.6052274E+01  0.3885823E+00
  0.6062519E+01  0.3908230E+00
  0.6072764E+01  0.3930180E+00
  0.6083008E+01  0.3951678E+00
  0.6093253E+01  0.3972728E+00
  0.6103498E+01  0.3993334E+00
  0.6113743E+01  0.4013501E+00
  0.6123988E+01  0.4033232E+00
  0.6134233E+01  0.4052533E+00
  0.6144478E+01  0.4071408E+00
  0.6154723E+01  0.4089860E+00
  0.6164968E+01  0.4107896E+00
  0.6175212E+01  0.4125518E+00
  0.6185457E+01  0.4142731E+00
  0.6195702E+01  0.4159541E+00
  0.6205947E+01  0.4175951E+00
  0.6216192E+01  0.4191966E+00
  0.6226437E+01  0.4207590E+00
  0.6236682E+01  0.4222827E+00
  0.6246927E+01  0.4237683E+00
  0.6257171E+01  0.4252162E+00
  0.6267416E+01  0.4266267E+00
  0.6277661E+01  0.4280004E+00
  0.6287906E+01  0.4293377E+00
  0.6298151E+01  0.4306390E+00
  0.6308396E+01  0.4319047E+00
  0.6318641E+01  0.4331354E+00
  0.6328886E+01  0.4343314E+00
  0.6339130E+01  0.4354931E+00
  0.6349375E+01  0.4366210E+00
  0.6359620E+01  0.4377156E+00
  0.6369865E+01  0.4387772E+00
  0.6380110E+01  0.4398063E+00
  0.6390355E+01  0.4408033E+00
  0.6400600E+01  0.4417686E+00
  0.6410845E+01  0.4427027E+00
  0.6421089E+01  0.4436059E+00
  0.6431334E+01  0.4444786E+00
  0.6441579E+01  0.4453214E+00
  0.6451824E+01  0.4461345E+00
  0.6462069E+01  0.4469183E+00
  0.6472314E+01  0.4476734E+00
  0.6482559E+01  0.4484000E+00
  0.6492804E+01  0.4490986E+00
  0.6503048E+01  0.4497696E+00
  0.6513293E+01  0.4504133E+00
  0.6523538E+01  0.4510302E+00
  0.6533783E+01  0.4516206E+00
  0.6544028E+01  0.4521849E+00
  0.6554273E+01  0.4527234E+00
  0.6564518E+01  0.4532366E+00
  0.6574763E+01  0.4537248E+00
  0.6585007E+01  0.4541884E+00
  0.6595252E+01  0.4546278E+00
  0.6605497E+01  0.4550432E+00
  0.6615742E+01  0.4554351E+00
  0.6625987E+01  0.4558038E+00
  0.6636232E+01  0.4561496E+00
  0.6646477E+01  0.4564729E+00
  0.6656722E+01  0.4567741E+00
  0.6666967E+01  0.4570535E+00
  0.6677211E+01  0.4573113E+00
  0.6687456E+01  0.4575480E+00
  0.6697701E+01  0.4577639E+00
  0.6707946E+01  0.4579593E+00
  0.6718191E+01  0.4581344E+00
  0.6728436E+01  0.4582898E+00
  0.6738681E+01  0.4584255E+00
  0.6748926E+01  0.4585420E+00
  0.6759170E+01  0.4586396E+00
  0.6769415E+01  0.4587185E+00
  0.6779660E+01  0.4587790E+00
  0.6789905E+01  0.4588216E+00
  0.6800150E+01  0.4588464E+00
  0.6810395E+01  0.4588537E+00
  0.6820640E+01  0.4588438E+00
  0.6830885E+01  0.4588170E+00
  0.6841129E+01  0.4587737E+00
  0.6851374E+01  0.4587139E+00
  0.6861619E+01  0.4586381E+00
  0.6871864E+01  0.4585465E+00
  0.6882109E+01  0.4584394E+00
  0.6892354E+01  0.4583170E+00
  0.6902599E+01  0.4581796E+00
  0.6912844E+01  0.4580274E+00
  0.6923088E+01  0.4578607E+00
  0.6933333E+01  0.4576797E+00
  0.6943578E+01  0.4574848E+00
  0.6953823E+01  0.4572760E+00
  0.6964068E+01  0.4570537E+00
  0.6974313E+01  0.4568182E+00
  0.6984558E+01  0.4565695E+00
  0.6994803E+01  0.4563081E+00
  0.7005047E+01  0.4560340E+00
  0.7015292E+01  0.4557475E+00
  0.7025537E+01  0.4554489E+00
  0.7035782E+01  0.4551384E+00
  0.7046027E+01  0.4548161E+00
  0.7056272E+01  0.4544823E+00
  0.7066517E+01  0.4541372E+00
  0.7076762E+01  0.4537810E+00
  0.7087006E+01  0.4534139E+00
  0.7097251E+01  0.4530361E+00
  0.7107496E+01  0.4526478E+00
  0.7117741E+01  0.4522492E+00
  0.7127986E+01  0.4518405E+00
  0.7138231E+01  0.4514219E+00
  0.7148476E+01  0.4509936E+00
  0.7158721E+01  0.4505557E+00
  0.7168966E+01  0.4501084E+00
  0.7179210E+01  0.4496520E+00
  0.7189455E+01  0.4491866E+00
  0.7199700E+01  0.4487123E+00
  0.7209945E+01  0.4482293E+00
  0.7220190E+01  0.4477379E+00
  0.7230435E+01  0.4472382E+00
  0.7240680E+01  0.4467302E+00
  0.7250925E+01  0.4462143E+00
  0.7261169E+01  0.4456906E+00
  0.7271414E+01  0.4451591E+00
  0.7281659E+01  0.4446202E+00
  0.7291904E+01  0.4440738E+00
  0.7302149E+01  0.4435203E+00
  0.7312394E+01  0.4429596E+00
  0.7322639E+01  0.4423921E+00
  0.7332884E+01  0.4418177E+00
  0.7343128E+01  0.4412367E+00
  0.7353373E+01  0.4406492E+00
  0.7363618E+01  0.4400553E+00
  0.7373863E+01  0.4394552E+00
  0.7384108E+01  0.4388490E+00
  0.7394353E+01  0.4382369E+00
  0.7404598E+01  0.4376189E+00
  0.7414843E+01  0.4369952E+00
  0.7425087E+01  0.4363659E+00
  0.7435332E+01  0.4357311E+00
  0.7445577E+01  0.4350910E+00
  0.7455822E+01  0.4344457E+00
  0.7466067E+01  0.4337953E+00
  0.7476312E+01  0.4331399E+00
  0.7486557E+01  0.4324796E+00
  0.7496802E+01  0.4318146E+00
  0.7507046E+01  0.4311449E+00
  0.7517291E+01  0.4304707E+00
  0.7527536E+01  0.4297920E+00
  0.7537781E+01  0.4291091E+00
  0.7548026E+01  0.4284219E+00
  0.7558271E+01  0.4277306E+00
  0.7568516E+01  0.4270352E+00
  0.7578761E+01  0.4263360E+00
  0.7589005E+01  0.4256329E+00
  0.7599250E+01  0.4249261E+00
  0.7609495E+01  0.4242156E+00
  0.7619740E+01  0.4235016E+00
  0.7629985E+01  0.4227842E+00
  0.7640230E+01  0.4220634E+00
  0.7650475E+01  0.4213394E+00
  0.7660720E+01  0.4206121E+00
  0.7670965E+01  0.4198818E+00
  0.7681209E+01  0.4191485E+00
  0.7691454E+01  0.4184122E+00
  0.7701699E+01  0.4176730E+00
  0.7711944E+01  0.4169312E+00
  0.7722189E+01  0.4161866E+00
  0.7732434E+01  0.4154394E+00
  0.7742679E+01  0.4146896E+00
  0.7752924E+01  0.4139375E+00
  0.7763168E+01  0.4131829E+00
  0.7773413E+01  0.4124260E+00
  0.7783658E+01  0.4116669E+00
  0.7793903E+01  0.4109055E+00
  0.7804148E+01  0.4101421E+00
  0.7814393E+01  0.4093767E+00
  0.7824638E+01  0.4086093E+00
  0.7834883E+01  0.4078400E+00
  0.7845127E+01  0.4070688E+00
  0.7855372E+01  0.4062959E+00
  0.7865617E+01  0.4055213E+00
  0.7875862E+01  0.4047450E+00
  0.7886107E+01  0.4039671E+00
  0.7896352E+01  0.4031877E+00
  0.7906597E+01  0.4024068E+00
  0.7916842E+01  0.4016245E+00
  0.7927086E+01  0.4008408E+00
  0.7937331E+01  0.4000559E+00
  0.7947576E+01  0.3992697E+00
  0.7957821E+01  0.3984823E+00
  0.7968066E+01  0.3976937E+00
  0.7978311E+01  0.3969041E+00
  0.7988556E+01  0.3961134E+00
  0.7998801E+01  0.3953217E+00
  0.8009045E+01  0.3945291E+00
  0.8019290E+01  0.3937356E+00
  0.8029535E+01  0.3929413E+00
  0.8039780E+01  0.3921461E+00
  0.8050025E+01  0.3913502E+00
  0.8060270E+01  0.3905536E+00
  0.8070515E+01  0.3897563E+00
  0.8080760E+01  0.3889584E+00
  0.8091004E+01  0.3881599E+00
  0.8101249E+01  0.3873609E+00
  0.8111494E+01  0.3865614E+00
  0.8121739E+01  0.3857614E+00
  0.8131984E+01  0.3849610E+00
  0.8142229E+01  0.3841603E+00
  0.8152474E+01  0.3833592E+00
  0.8162719E+01  0.3825578E+00
  0.8172964E+01  0.3817561E+00
  0.8183208E+01  0.3809542E+00
  0.8193453E+01  0.3801521E+00
  0.8203698E+01  0.3793499E+00
  0.8213943E+01  0.3785475E+00
  0.8224188E+01  0.3777450E+00
  0.8234433E+01  0.3769425E+00
  0.8244678E+01  0.3761400E+00
  0.8254923E+01  0.3753374E+00
  0.8265167E+01  0.3745350E+00
  0.8275412E+01  0.3737325E+00
  0.8285657E+01  0.3729302E+00
  0.8295902E+01  0.3721280E+00
  0.8306147E+01  0.3713260E+00
  0.8316392E+01  0.3705241E+00
  0.8326637E+01  0.3697225E+00
  0.8336882E+01  0.3689211E+00
  0.8347126E+01  0.3681199E+00
  0.8357371E+01  0.3673191E+00
  0.8367616E+01  0.3665186E+00
  0.8377861E+01  0.3657184E+00
  0.8388106E+01  0.3649186E+00
  0.8398351E+01  0.3641192E+00
  0.8408596E+01  0.3633203E+00
  0.8418841E+01  0.3625217E+00
  0.8429085E+01  0.3617237E+00
  0.8439330E+01  0.3609261E+00
  0.8449575E+01  0.3601290E+00
  0.8459820E+01  0.3593325E+00
  0.8470065E+01  0.3585365E+00
  0.8480310E+01  0.3577411E+00
  0.8490555E+01  0.3569463E+00
  0.8500800E+01  0.3561521E+00
  0.8511044E+01  0.3553585E+00
  0.8521289E+01  0.3545656E+00
  0.8531534E+01  0.3537734E+00
  0.8541779E+01  0.3529819E+00
  0.8552024E+01  0.3521910E+00
  0.8562269E+01  0.3514009E+00
  0.8572514E+01  0.3506116E+00
  0.8582759E+01  0.3498230E+00
  0.8593003E+01  0.3490352E+00
  0.8603248E+01  0.3482482E+00
  0.8613493E+01  0.3474620E+00
  0.8623738E+01  0.3466766E+00
  0.8633983E+01  0.3458921E+00
  0.8644228E+01  0.3451084E+00
  0.8654473E+01  0.3443256E+00
  0.8664718E+01  0.3435437E+00
  0.8674963E+01  0.3427627E+00
  0.8685207E+01  0.3419826E+00
  0.8695452E+01  0.3412034E+00
  0.8705697E+01  0.3404252E+00
  0.8715942E+01  0.3396479E+00
  0.8726187E+01  0.3388716E+00
  0.8736432E+01  0.3380963E+00
  0.8746677E+01  0.3373220E+00
  0.8756922E+01  0.3365487E+00
  0.8767166E+01  0.3357764E+00
  0.8777411E+01  0.3350051E+00
  0.8787656E+01  0.3342348E+00
  0.8797901E+01  0.3334656E+00
  0.8808146E+01  0.3326975E+00
  0.8818391E+01  0.3319305E+00
  0.8828636E+01  0.3311645E+00
  0.8838881E+01  0.3303996E+00
  0.8849125E+01  0.3296358E+00
  0.8859370E+01  0.3288731E+00
  0.8869615E+01  0.3281116E+00
  0.8879860E+01  0.3273512E+00
  0.8890105E+01  0.3265919E+00
  0.8900350E+01  0.3258337E+00
  0.8910595E+01  0.3250767E+00
  0.8920840E+01  0.3243209E+00
  0.8931084E+01  0.3235663E+00
  0.8941329E+01  0.3228128E+00
  0.8951574E+01  0.3220605E+00
  0.8961819E+01  0.3213094E+00
  0.8972064E+01  0.3205595E+00
  0.8982309E+01  0.3198108E+00
  0.8992554E+01  0.3190633E+00
  0.9002799E+01  0.3183170E+00
  0.9013043E+01  0.3175720E+00
  0.9023288E+01  0.3168282E+00
  0.9033533E+01  0.3160857E+00
  0.9043778E+01  0.3153443E+00
  0.9054023E+01  0.3146043E+00
  0.9064268E+01  0.3138655E+00
  0.9074513E+01  0.3131279E+00
  0.9084758E+01  0.3123917E+00
  0.9095002E+01  0.3116567E+00
  0.9105247E+01  0.3109230E+00
  0.9115492E+01  0.3101905E+00
  0.9125737E+01  0.3094594E+00
  0.9135982E+01  0.3087295E+00
  0.9146227E+01  0.3080010E+00
  0.9156472E+01  0.3072737E+00
  0.9166717E+01  0.3065478E+00
  0.9176962E+01  0.3058231E+00
  0.9187206E+01  0.3050998E+00
  0.9197451E+01  0.3043778E+00
  0.9207696E+01  0.3036571E+00
  0.9217941E+01  0.3029377E+00
  0.9228186E+01  0.3022197E+00
  0.9238431E+01  0.3015030E+00
  0.9248676E+01  0.3007876E+00
  0.9258921E+01  0.3000736E+00
  0.9269165E+01  0.2993609E+00
  0.9279410E+01  0.2986496E+00
  0.9289655E+01  0.2979396E+00
  0.9299900E+01  0.2972309E+00
  0.9310145E+01  0.2965237E+00
  0.9320390E+01  0.2958177E+00
  0.9330635E+01  0.2951131E+00
  0.9340880E+01  0.2944099E+00
  0.9351124E+01  0.2937081E+00
  0.9361369E+01  0.2930076E+00
  0.9371614E+01  0.2923084E+00
  0.9381859E+01  0.2916107E+00
  0.9392104E+01  0.2909143E+00
  0.9402349E+01  0.2902192E+00
  0.9412594E+01  0.2895256E+00
  0.9422839E+01  0.2888333E+00
  0.9433083E+01  0.2881424E+00
  0.9443328E+01  0.2874529E+00
  0.9453573E+01  0.2867647E+00
  0.9463818E+01  0.2860780E+00
  0.9474063E+01  0.2853926E+00
  0.9484308E+01  0.2847086E+00
  0.9494553E+01  0.2840260E+00
  0.9504798E+01  0.2833447E+00
  0.9515042E+01  0.2826649E+00
  0.9525287E+01  0.2819864E+00
  0.9535532E+01  0.2813093E+00
  0.9545777E+01  0.2806336E+00
  0.9556022E+01  0.2799593E+00
  0.9566267E+01  0.2792864E+00
  0.9576512E+01  0.2786149E+00
  0.9586757E+01  0.2779447E+00
  0.9597001E+01  0.2772759E+00
  0.9607246E+01  0.2766086E+00
  0.9617491E+01  0.2759426E+00
  0.9627736E+01  0.2752780E+00
  0.9637981E+01  0.2746148E+00
  0.9648226E+01  0.2739530E+00
  0.9658471E+01  0.2732926E+00
  0.9668716E+01  0.2726335E+00
  0.9678961E+01  0.2719759E+00
  0.9689205E+01  0.2713196E+00
  0.9699450E+01  0.2706647E+00
  0.9709695E+01  0.2700113E+00
  0.9719940E+01  0.2693592E+00
  0.9730185E+01  0.2687084E+00
  0.9740430E+01  0.2680591E+00
  0.9750675E+01  0.2674112E+00
  0.9760920E+01  0.2667646E+00
  0.9771164E+01  0.2661195E+00
  0.9781409E+01  0.2654757E+00
  0.9791654E+01  0.2648333E+00
  0.9801899E+01  0.2641923E+00
  0.9812144E+01  0.2635526E+00
  0.9822389E+01  0.2629144E+00
  0.9832634E+01  0.2622775E+00
  0.9842879E+01  0.2616420E+00
  0.9853123E+01  0.2610079E+00
  0.9863368E+01  0.2603751E+00
  0.9873613E+01  0.2597438E+00
  0.9883858E+01  0.2591138E+00
  0.9894103E+01  0.2584852E+00
  0.9904348E+01  0.2578579E+00
  0.9914593E+01  0.2572321E+00
  0.9924838E+01  0.2566076E+00
  0.9935082E+01  0.2559844E+00
  0.9945327E+01  0.2553627E+00
  0.9955572E+01  0.2547423E+00
  0.9965817E+01  0.2541232E+00
  0.9976062E+01  0.2535056E+00
  0.9986307E+01  0.2528893E+00
  0.9996552E+01  0.2522743E+00
  0.1000680E+02  0.2516607E+00
  0.1001704E+02  0.2510485E+00
  0.1002729E+02  0.2504376E+00
  0.1003753E+02  0.2498281E+00
  0.1004778E+02  0.2492200E+00
  0.1005802E+02  0.2486132E+00
  0.1006827E+02  0.2480077E+00
  0.1007851E+02  0.2474036E+00
  0.1008876E+02  0.2468008E+00
  0.1009900E+02  0.2461994E+00
  0.1010925E+02  0.2455993E+00
  0.1011949E+02  0.2450006E+00
  0.1012974E+02  0.2444032E+00
  0.1013998E+02  0.2438072E+00
  0.1015022E+02  0.2432125E+00
  0.1016047E+02  0.2426191E+00
  0.1017071E+02  0.2420270E+00
  0.1018096E+02  0.2414363E+00
  0.1019120E+02  0.2408469E+00
  0.1020145E+02  0.2402589E+00
  0.1021169E+02  0.2396721E+00
  0.1022194E+02  0.2390867E+00
  0.1023218E+02  0.2385027E+00
  0.1024243E+02  0.2379199E+00
  0.1025267E+02  0.2373384E+00
  0.1026292E+02  0.2367583E+00
  0.1027316E+02  0.2361795E+00
  0.1028341E+02  0.2356020E+00
  0.1029365E+02  0.2350258E+00
  0.1030390E+02  0.2344509E+00
  0.1031414E+02  0.2338773E+00
  0.1032439E+02  0.2333050E+00
  0.1033463E+02  0.2327340E+00
  0.1034488E+02  0.2321644E+00
  0.1035512E+02  0.2315960E+00
  0.1036537E+02  0.2310289E+00
  0.1037561E+02  0.2304631E+00
  0.1038586E+02  0.2298986E+00
  0.1039610E+02  0.2293354E+00
  0.1040635E+02  0.2287734E+00
  0.1041659E+02  0.2282128E+00
  0.1042684E+02  0.2276534E+00
  0.1043708E+02  0.2270953E+00
  0.1044733E+02  0.2265385E+00
  0.1045757E+02  0.2259830E+00
  0.1046782E+02  0.2254287E+00
  0.1047806E+02  0.2248758E+00
  0.1048831E+02  0.2243240E+00
  0.1049855E+02  0.2237736E+00
  0.1050880E+02  0.2232244E+00
  0.1051904E+02  0.2226765E+00
  0.1052929E+02  0.2221298E+00
  0.1053953E+02  0.2215844E+00
  0.1054978E+02  0.2210402E+00
  0.1056002E+02  0.2204973E+00
  0.1057026E+02  0.2199557E+00
  0.1058051E+02  0.2194153E+00
  0.1059075E+02  0.2188761E+00
  0.1060100E+02  0.2183382E+00
  0.1061124E+02  0.2178015E+00
  0.1062149E+02  0.2172661E+00
  0.1063173E+02  0.2167318E+00
  0.1064198E+02  0.2161989E+00
  0.1065222E+02  0.2156671E+00
  0.1066247E+02  0.2151366E+00
  0.1067271E+02  0.2146073E+00
  0.1068296E+02  0.2140793E+00
  0.1069320E+02  0.2135524E+00
  0.1070345E+02  0.2130268E+00
  0.1071369E+02  0.2125024E+00
  0.1072394E+02  0.2119792E+00
  0.1073418E+02  0.2114572E+00
  0.1074443E+02  0.2109365E+00
  0.1075467E+02  0.2104169E+00
  0.1076492E+02  0.2098986E+00
  0.1077516E+02  0.2093814E+00
  0.1078541E+02  0.2088655E+00
  0.1079565E+02  0.2083507E+00
  0.1080590E+02  0.2078371E+00
  0.1081614E+02  0.2073248E+00
  0.1082639E+02  0.2068136E+00
  0.1083663E+02  0.2063036E+00
  0.1084688E+02  0.2057948E+00
  0.1085712E+02  0.2052871E+00
  0.1086737E+02  0.2047807E+00
  0.1087761E+02  0.2042754E+00
  0.1088786E+02  0.2037713E+00
  0.1089810E+02  0.2032684E+00
  0.1090835E+02  0.2027667E+00
  0.1091859E+02  0.2022661E+00
  0.1092884E+02  0.2017667E+00
  0.1093908E+02  0.2012684E+00
  0.1094933E+02  0.2007713E+00
  0.1095957E+02  0.2002754E+00
  0.1096982E+02  0.1997806E+00
  0.1098006E+02  0.1992870E+00
  0.1099030E+02  0.1987945E+00
  0.1100055E+02  0.1983032E+00
  0.1101079E+02  0.1978130E+00
  0.1102104E+02  0.1973239E+00
  0.1103128E+02  0.1968360E+00
  0.1104153E+02  0.1963493E+00
  0.1105177E+02  0.1958636E+00
  0.1106202E+02  0.1953792E+00
  0.1107226E+02  0.1948958E+00
  0.1108251E+02  0.1944136E+00
  0.1109275E+02  0.1939324E+00
  0.1110300E+02  0.1934525E+00
  0.1111324E+02  0.1929736E+00
  0.1112349E+02  0.1924958E+00
  0.1113373E+02  0.1920192E+00
  0.1114398E+02  0.1915437E+00
  0.1115422E+02  0.1910693E+00
  0.1116447E+02  0.1905960E+00
  0.1117471E+02  0.1901238E+00
  0.1118496E+02  0.1896527E+00
  0.1119520E+02  0.1891827E+00
  0.1120545E+02  0.1887138E+00
  0.1121569E+02  0.1882460E+00
  0.1122594E+02  0.1877793E+00
  0.1123618E+02  0.1873137E+00
  0.1124643E+02  0.1868492E+00
  0.1125667E+02  0.1863858E+00
  0.1126692E+02  0.1859234E+00
  0.1127716E+02  0.1854621E+00
  0.1128741E+02  0.1850019E+00
  0.1129765E+02  0.1845428E+00
  0.1130790E+02  0.1840848E+00
  0.1131814E+02  0.1836278E+00
  0.1132839E+02  0.1831719E+00
  0.1133863E+02  0.1827171E+00
  0.1134888E+02  0.1822633E+00
  0.1135912E+02  0.1818106E+00
  0.1136937E+02  0.1813590E+00
  0.1137961E+02  0.1809084E+00
  0.1138986E+02  0.1804588E+00
  0.1140010E+02  0.1800103E+00
  0.1141034E+02  0.1795629E+00
  0.1142059E+02  0.1791165E+00
  0.1143083E+02  0.1786712E+00
  0.1144108E+02  0.1782269E+00
  0.1145132E+02  0.1777836E+00
  0.1146157E+02  0.1773414E+00
  0.1147181E+02  0.1769002E+00
  0.1148206E+02  0.1764600E+00
  0.1149230E+02  0.1760209E+00
  0.1150255E+02  0.1755828E+00
  0.1151279E+02  0.1751457E+00
  0.1152304E+02  0.1747097E+00
  0.1153328E+02  0.1742746E+00
  0.1154353E+02  0.1738406E+00
  0.1155377E+02  0.1734076E+00
  0.1156402E+02  0.1729757E+00
  0.1157426E+02  0.1725447E+00
  0.1158451E+02  0.1721147E+00
  0.1159475E+02  0.1716858E+00
  0.1160500E+02  0.1712578E+00
  0.1161524E+02  0.1708309E+00
  0.1162549E+02  0.1704049E+00
  0.1163573E+02  0.1699799E+00
  0.1164598E+02  0.1695560E+00
  0.1165622E+02  0.1691330E+00
  0.1166647E+02  0.1687110E+00
  0.1167671E+02  0.1682900E+00
  0.1168696E+02  0.1678700E+00
  0.1169720E+02  0.1674510E+00
  0.1170745E+02  0.1670330E+00
  0.1171769E+02  0.1666159E+00
  0.1172794E+02  0.1661998E+00
  0.1173818E+02  0.1657847E+00
  0.1174843E+02  0.1653706E+00
  0.1175867E+02  0.1649574E+00
  0.1176892E+02  0.1645452E+00
  0.1177916E+02  0.1641339E+00
  0.1178941E+02  0.1637236E+00
  0.1179965E+02  0.1633143E+00
  0.1180990E+02  0.1629060E+00
  0.1182014E+02  0.1624985E+00
  0.1183038E+02  0.1620921E+00
  0.1184063E+02  0.1616866E+00
  0.1185087E+02  0.1612820E+00
  0.1186112E+02  0.1608784E+00
  0.1187136E+02  0.1604757E+00
  0.1188161E+02  0.1600740E+00
  0.1189185E+02  0.1596732E+00
  0.1190210E+02  0.1592734E+00
  0.1191234E+02  0.1588744E+00
  0.1192259E+02  0.1584764E+00
  0.1193283E+02  0.1580794E+00
  0.1194308E+02  0.1576833E+00
  0.1195332E+02  0.1572881E+00
  0.1196357E+02  0.1568938E+00
  0.1197381E+02  0.1565004E+00
  0.1198406E+02  0.1561080E+00
  0.1199430E+02  0.1557165E+00
  0.1200455E+02  0.1553258E+00
  0.1201479E+02  0.1549361E+00
  0.1202504E+02  0.1545474E+00
  0.1203528E+02  0.1541595E+00
  0.1204553E+02  0.1537725E+00
  0.1205577E+02  0.1533864E+00
  0.1206602E+02  0.1530013E+00
  0.1207626E+02  0.1526170E+00
  0.1208651E+02  0.1522336E+00
  0.1209675E+02  0.1518511E+00
  0.1210700E+02  0.1514695E+00
  0.1211724E+02  0.1510888E+00
  0.1212749E+02  0.1507090E+00
  0.1213773E+02  0.1503301E+00
  0.1214798E+02  0.1499520E+00
  0.1215822E+02  0.1495749E+00
  0.1216847E+02  0.1491986E+00
  0.1217871E+02  0.1488232E+00
  0.1218896E+02  0.1484487E+00
  0.1219920E+02  0.1480750E+00
  0.1220945E+02  0.1477022E+00
  0.1221969E+02  0.1473303E+00
  0.1222994E+02  0.1469593E+00
  0.1224018E+02  0.1465891E+00
  0.1225042E+02  0.1462197E+00
  0.1226067E+02  0.1458513E+00
  0.1227091E+02  0.1454837E+00
  0.1228116E+02  0.1451169E+00
  0.1229140E+02  0.1447510E+00
  0.1230165E+02  0.1443860E+00
  0.1231189E+02  0.1440218E+00
  0.1232214E+02  0.1436584E+00
  0.1233238E+02  0.1432959E+00
  0.1234263E+02  0.1429342E+00
  0.1235287E+02  0.1425734E+00
  0.1236312E+02  0.1422134E+00
  0.1237336E+02  0.1418543E+00
  0.1238361E+02  0.1414960E+00
  0.1239385E+02  0.1411385E+00
  0.1240410E+02  0.1407819E+00
  0.1241434E+02  0.1404260E+00
  0.1242459E+02  0.1400710E+00
  0.1243483E+02  0.1397169E+00
  0.1244508E+02  0.1393635E+00
  0.1245532E+02  0.1390110E+00
  0.1246557E+02  0.1386593E+00
  0.1247581E+02  0.1383084E+00
  0.1248606E+02  0.1379583E+00
  0.1249630E+02  0.1376091E+00
  0.1250655E+02  0.1372606E+00
  0.1251679E+02  0.1369130E+00
  0.1252704E+02  0.1365661E+00
  0.1253728E+02  0.1362201E+00
  0.1254753E+02  0.1358748E+00
  0.1255777E+02  0.1355304E+00
  0.1256802E+02  0.1351868E+00
  0.1257826E+02  0.1348439E+00
  0.1258851E+02  0.1345019E+00
  0.1259875E+02  0.1341606E+00
  0.1260900E+02  0.1338202E+00
  0.1261924E+02  0.1334805E+00
  0.1262949E+02  0.1331416E+00
  0.1263973E+02  0.1328035E+00
  0.1264998E+02  0.1324662E+00
  0.1266022E+02  0.1321296E+00
  0.1267046E+02  0.1317939E+00
  0.1268071E+02  0.1314589E+00
  0.1269095E+02  0.1311247E+00
  0.1270120E+02  0.1307912E+00
  0.1271144E+02  0.1304585E+00
  0.1272169E+02  0.1301266E+00
  0.1273193E+02  0.1297955E+00
  0.1274218E+02  0.1294651E+00
  0.1275242E+02  0.1291355E+00
  0.1276267E+02  0.1288067E+00
  0.1277291E+02  0.1284786E+00
  0.1278316E+02  0.1281513E+00
  0.1279340E+02  0.1278247E+00
  0.1280365E+02  0.1274989E+00
  0.1281389E+02  0.1271738E+00
  0.1282414E+02  0.1268495E+00
  0.1283438E+02  0.1265259E+00
  0.1284463E+02  0.1262031E+00
  0.1285487E+02  0.1258810E+00
  0.1286512E+02  0.1255596E+00
  0.1287536E+02  0.1252390E+00
  0.1288561E+02  0.1249192E+00
  0.1289585E+02  0.1246000E+00
  0.1290610E+02  0.1242816E+00
  0.1291634E+02  0.1239640E+00
  0.1292659E+02  0.1236470E+00
  0.1293683E+02  0.1233308E+00
  0.1294708E+02  0.1230154E+00
  0.1295732E+02  0.1227006E+00
  0.1296757E+02  0.1223866E+00
  0.1297781E+02  0.1220733E+00
  0.1298806E+02  0.1217607E+00
  0.1299830E+02  0.1214488E+00
  0.1300855E+02  0.1211377E+00
  0.1301879E+02  0.1208272E+00
  0.1302904E+02  0.1205175E+00
  0.1303928E+02  0.1202085E+00
  0.1304953E+02  0.1199002E+00
  0.1305977E+02  0.1195926E+00
  0.1307001E+02  0.1192857E+00
  0.1308026E+02  0.1189795E+00
  0.1309050E+02  0.1186740E+00
  0.1310075E+02  0.1183692E+00
  0.1311099E+02  0.1180651E+00
  0.1312124E+02  0.1177617E+00
  0.1313148E+02  0.1174590E+00
  0.1314173E+02  0.1171570E+00
  0.1315197E+02  0.1168557E+00
  0.1316222E+02  0.1165551E+00
  0.1317246E+02  0.1162551E+00
  0.1318271E+02  0.1159559E+00
  0.1319295E+02  0.1156573E+00
  0.1320320E+02  0.1153594E+00
  0.1321344E+02  0.1150622E+00
  0.1322369E+02  0.1147657E+00
  0.1323393E+02  0.1144698E+00
  0.1324418E+02  0.1141746E+00
  0.1325442E+02  0.1138801E+00
  0.1326467E+02  0.1135863E+00
  0.1327491E+02  0.1132931E+00
  0.1328516E+02  0.1130006E+00
  0.1329540E+02  0.1127088E+00
  0.1330565E+02  0.1124176E+00
  0.1331589E+02  0.1121271E+00
  0.1332614E+02  0.1118373E+00
  0.1333638E+02  0.1115481E+00
  0.1334663E+02  0.1112596E+00
  0.1335687E+02  0.1109717E+00
  0.1336712E+02  0.1106845E+00
  0.1337736E+02  0.1103979E+00
  0.1338761E+02  0.1101120E+00
  0.1339785E+02  0.1098268E+00
  0.1340810E+02  0.1095422E+00
  0.1341834E+02  0.1092582E+00
  0.1342859E+02  0.1089749E+00
  0.1343883E+02  0.1086922E+00
  0.1344908E+02  0.1084102E+00
  0.1345932E+02  0.1081288E+00
  0.1346957E+02  0.1078480E+00
  0.1347981E+02  0.1075679E+00
  0.1349005E+02  0.1072884E+00
  0.1350030E+02  0.1070095E+00
  0.1351054E+02  0.1067313E+00
  0.1352079E+02  0.1064537E+00
  0.1353103E+02  0.1061767E+00
  0.1354128E+02  0.1059004E+00
  0.1355152E+02  0.1056247E+00
  0.1356177E+02  0.1053496E+00
  0.1357201E+02  0.1050751E+00
  0.1358226E+02  0.1048013E+00
  0.1359250E+02  0.1045280E+00
  0.1360275E+02  0.1042554E+00
  0.1361299E+02  0.1039834E+00
  0.1362324E+02  0.1037120E+00
  0.1363348E+02  0.1034413E+00
  0.1364373E+02  0.1031711E+00
  0.1365397E+02  0.1029015E+00
  0.1366422E+02  0.1026326E+00
  0.1367446E+02  0.1023642E+00
  0.1368471E+02  0.1020965E+00
  0.1369495E+02  0.1018294E+00
  0.1370520E+02  0.1015628E+00
  0.1371544E+02  0.1012969E+00
  0.1372569E+02  0.1010316E+00
  0.1373593E+02  0.1007668E+00
  0.1374618E+02  0.1005027E+00
  0.1375642E+02  0.1002391E+00
  0.1376667E+02  0.9997614E-01
  0.1377691E+02  0.9971376E-01
  0.1378716E+02  0.9945197E-01
  0.1379740E+02  0.9919077E-01
  0.1380765E+02  0.9893016E-01
  0.1381789E+02  0.9867013E-01
  0.1382814E+02  0.9841068E-01
  0.1383838E+02  0.9815181E-01
  0.1384863E+02  0.9789352E-01
  0.1385887E+02  0.9763581E-01
  0.1386912E+02  0.9737867E-01
  0.1387936E+02  0.9712211E-01
  0.1388961E+02  0.9686613E-01
  0.1389985E+02  0.9661071E-01
  0.1391009E+02  0.9635586E-01
  0.1392034E+02  0.9610159E-01
  0.1393058E+02  0.9584788E-01
  0.1394083E+02  0.9559473E-01
  0.1395107E+02  0.9534215E-01
  0.1396132E+02  0.9509013E-01
  0.1397156E+02  0.9483868E-01
  0.1398181E+02  0.9458778E-01
  0.1399205E+02  0.9433744E-01
  0.1400230E+02  0.9408766E-01
  0.1401254E+02  0.9383843E-01
  0.1402279E+02  0.9358976E-01
  0.1403303E+02  0.9334164E-01
  0.1404328E+02  0.9309407E-01
  0.1405352E+02  0.9284705E-01
  0.1406377E+02  0.9260058E-01
  0.1407401E+02  0.9235465E-01
  0.1408426E+02  0.9210927E-01
  0.1409450E+02  0.9186443E-01
  0.1410475E+02  0.9162013E-01
  0.1411499E+02  0.9137638E-01
  0.1412524E+02  0.9113316E-01
  0.1413548E+02  0.9089049E-01
  0.1414573E+02  0.9064834E-01
  0.1415597E+02  0.9040674E-01
  0.1416622E+02  0.9016567E-01
  0.1417646E+02  0.8992512E-01
  0.1418671E+02  0.8968511E-01
  0.1419695E+02  0.8944563E-01
  0.1420720E+02  0.8920668E-01
  0.1421744E+02  0.8896825E-01
  0.1422769E+02  0.8873035E-01
  0.1423793E+02  0.8849298E-01
  0.1424818E+02  0.8825612E-01
  0.1425842E+02  0.8801978E-01
  0.1426867E+02  0.8778397E-01
  0.1427891E+02  0.8754867E-01
  0.1428916E+02  0.8731389E-01
  0.1429940E+02  0.8707963E-01
  0.1430965E+02  0.8684588E-01
  0.1431989E+02  0.8661264E-01
  0.1433013E+02  0.8637991E-01
  0.1434038E+02  0.8614769E-01
  0.1435062E+02  0.8591598E-01
  0.1436087E+02  0.8568478E-01
  0.1437111E+02  0.8545408E-01
  0.1438136E+02  0.8522389E-01
  0.1439160E+02  0.8499420E-01
  0.1440185E+02  0.8476502E-01
  0.1441209E+02  0.8453633E-01
  0.1442234E+02  0.8430814E-01
  0.1443258E+02  0.8408045E-01
  0.1444283E+02  0.8385326E-01
  0.1445307E+02  0.8362656E-01
  0.1446332E+02  0.8340035E-01
  0.1447356E+02  0.8317464E-01
  0.1448381E+02  0.8294941E-01
  0.1449405E+02  0.8272468E-01
  0.1450430E+02  0.8250044E-01
  0.1451454E+02  0.8227668E-01
  0.1452479E+02  0.8205341E-01
  0.1453503E+02  0.8183062E-01
  0.1454528E+02  0.8160831E-01
  0.1455552E+02  0.8138649E-01
  0.1456577E+02  0.8116515E-01
  0.1457601E+02  0.8094428E-01
  0.1458626E+02  0.8072390E-01
  0.1459650E+02  0.8050399E-01
  0.1460675E+02  0.8028455E-01
  0.1461699E+02  0.8006559E-01
  0.1462724E+02  0.7984710E-01
  0.1463748E+02  0.7962908E-01
  0.1464773E+02  0.7941154E-01
  0.1465797E+02  0.7919446E-01
  0.1466822E+02  0.7897785E-01
  0.1467846E+02  0.7876170E-01
  0.1468871E+02  0.7854602E-01
  0.1469895E+02  0.7833081E-01
  0.1470920E+02  0.7811605E-01
  0.1471944E+02  0.7790176E-01
  0.1472969E+02  0.7768793E-01
  0.1473993E+02  0.7747455E-01
  0.1475017E+02  0.7726164E-01
  0.1476042E+02  0.7704918E-01
  0.1477066E+02  0.7683717E-01
  0.1478091E+02  0.7662562E-01
  0.1479115E+02  0.7641452E-01
  0.1480140E+02  0.7620387E-01
  0.1481164E+02  0.7599367E-01
  0.1482189E+02  0.7578392E-01
  0.1483213E+02  0.7557461E-01
  0.1484238E+02  0.7536575E-01
  0.1485262E+02  0.7515734E-01
  0.1486287E+02  0.7494937E-01
  0.1487311E+02  0.7474184E-01
  0.1488336E+02  0.7453476E-01
  0.1489360E+02  0.7432811E-01
  0.1490385E+02  0.7412191E-01
  0.1491409E+02  0.7391614E-01
  0.1492434E+02  0.7371080E-01
  0.1493458E+02  0.7350591E-01
  0.1494483E+02  0.7330144E-01
  0.1495507E+02  0.7309741E-01
  0.1496532E+02  0.7289381E-01
  0.1497556E+02  0.7269064E-01
  0.1498581E+02  0.7248790E-01
  0.1499605E+02  0.7228559E-01
  0.1500630E+02  0.7208370E-01
  0.1501654E+02  0.7188224E-01
  0.1502679E+02  0.7168120E-01
  0.1503703E+02  0.7148059E-01
  0.1504728E+02  0.7128040E-01
  0.1505752E+02  0.7108063E-01
  0.1506777E+02  0.7088127E-01
  0.1507801E+02  0.7068234E-01
  0.1508826E+02  0.7048383E-01
  0.1509850E+02  0.7028573E-01
  0.1510875E+02  0.7008804E-01
  0.1511899E+02  0.6989077E-01
  0.1512924E+02  0.6969391E-01
  0.1513948E+02  0.6949747E-01
  0.1514973E+02  0.6930143E-01
  0.1515997E+02  0.6910580E-01
  0.1517021E+02  0.6891058E-01
  0.1518046E+02  0.6871577E-01
  0.1519070E+02  0.6852136E-01
  0.1520095E+02  0.6832736E-01
  0.1521119E+02  0.6813376E-01
  0.1522144E+02  0.6794056E-01
  0.1523168E+02  0.6774776E-01
  0.1524193E+02  0.6755537E-01
  0.1525217E+02  0.6736337E-01
  0.1526242E+02  0.6717177E-01
  0.1527266E+02  0.6698057E-01
  0.1528291E+02  0.6678976E-01
  0.1529315E+02  0.6659934E-01
  0.1530340E+02  0.6640932E-01
  0.1531364E+02  0.6621969E-01
  0.1532389E+02  0.6603046E-01
  0.1533413E+02  0.6584161E-01
  0.1534438E+02  0.6565315E-01
  0.1535462E+02  0.6546508E-01
  0.1536487E+02  0.6527739E-01
  0.1537511E+02  0.6509009E-01
  0.1538536E+02  0.6490317E-01
  0.1539560E+02  0.6471664E-01
  0.1540585E+02  0.6453049E-01
  0.1541609E+02  0.6434472E-01
  0.1542634E+02  0.6415933E-01
  0.1543658E+02  0.6397432E-01
  0.1544683E+02  0.6378968E-01
  0.1545707E+02  0.6360543E-01
  0.1546732E+02  0.6342154E-01
  0.1547756E+02  0.6323804E-01
  0.1548781E+02  0.6305490E-01
  0.1549805E+02  0.6287214E-01
  0.1550830E+02  0.6268975E-01
  0.1551854E+02  0.6250773E-01
  0.1552879E+02  0.6232608E-01
  0.1553903E+02  0.6214479E-01
  0.1554928E+02  0.6196388E-01
  0.1555952E+02  0.6178332E-01
  0.1556977E+02  0.6160314E-01
  0.1558001E+02  0.6142331E-01
  0.1559025E+02  0.6124385E-01
  0.1560050E+02  0.6106476E-01
  0.1561074E+02  0.6088602E-01
  0.1562099E+02  0.6070764E-01
  0.1563123E+02  0.6052962E-01
  0.1564148E+02  0.6035195E-01
  0.1565172E+02  0.6017465E-01
  0.1566197E+02  0.5999769E-01
  0.1567221E+02  0.5982110E-01
  0.1568246E+02  0.5964485E-01
  0.1569270E+02  0.5946896E-01
  0.1570295E+02  0.5929342E-01
  0.1571319E+02  0.5911823E-01
  0.1572344E+02  0.5894338E-01
  0.1573368E+02  0.5876889E-01
  0.1574393E+02  0.5859474E-01
  0.1575417E+02  0.5842094E-01
  0.1576442E+02  0.5824748E-01
  0.1577466E+02  0.5807437E-01
  0.1578491E+02  0.5790160E-01
  0.1579515E+02  0.5772917E-01
  0.1580540E+02  0.5755708E-01
  0.1581564E+02  0.5738533E-01
  0.1582589E+02  0.5721392E-01
  0.1583613E+02  0.5704285E-01
  0.1584638E+02  0.5687212E-01
  0.1585662E+02  0.5670172E-01
  0.1586687E+02  0.5653165E-01
  0.1587711E+02  0.5636192E-01
  0.1588736E+02  0.5619252E-01
  0.1589760E+02  0.5602346E-01
  0.1590785E+02  0.5585472E-01
  0.1591809E+02  0.5568632E-01
  0.1592834E+02  0.5551824E-01
  0.1593858E+02  0.5535049E-01
  0.1594883E+02  0.5518307E-01
  0.1595907E+02  0.5501597E-01
  0.1596932E+02  0.5484920E-01
  0.1597956E+02  0.5468275E-01
  0.1598981E+02  0.5451662E-01
  0.1600005E+02  0.5435082E-01
  0.1601029E+02  0.5418534E-01
  0.1602054E+02  0.5402017E-01
  0.1603078E+02  0.5385533E-01
  0.1604103E+02  0.5369080E-01
  0.1605127E+02  0.5352659E-01
  0.1606152E+02  0.5336270E-01
  0.1607176E+02  0.5319912E-01
  0.1608201E+02  0.5303586E-01
  0.1609225E+02  0.5287291E-01
  0.1610250E+02  0.5271027E-01
  0.1611274E+02  0.5254794E-01
  0.1612299E+02  0.5238592E-01
  0.1613323E+02  0.5222421E-01
  0.1614348E+02  0.5206281E-01
  0.1615372E+02  0.5190172E-01
  0.1616397E+02  0.5174093E-01
  0.1617421E+02  0.5158045E-01
  0.1618446E+02  0.5142027E-01
  0.1619470E+02  0.5126040E-01
  0.1620495E+02  0.5110083E-01
  0.1621519E+02  0.5094156E-01
  0.1622544E+02  0.5078259E-01
  0.1623568E+02  0.5062392E-01
  0.1624593E+02  0.5046555E-01
  0.1625617E+02  0.5030748E-01
  0.1626642E+02  0.5014971E-01
  0.1627666E+02  0.4999223E-01
  0.1628691E+02  0.4983504E-01
  0.1629715E+02  0.4967815E-01
  0.1630740E+02  0.4952156E-01
  0.1631764E+02  0.4936525E-01
  0.1632789E+02  0.4920924E-01
  0.1633813E+02  0.4905352E-01
  0.1634838E+02  0.4889809E-01
  0.1635862E+02  0.4874294E-01
  0.1636887E+02  0.4858809E-01
  0.1637911E+02  0.4843352E-01
  0.1638936E+02  0.4827923E-01
  0.1639960E+02  0.4812523E-01
  0.1640985E+02  0.4797152E-01
  0.1642009E+02  0.4781809E-01
  0.1643033E+02  0.4766494E-01
  0.1644058E+02  0.4751207E-01
  0.1645082E+02  0.4735949E-01
  0.1646107E+02  0.4720718E-01
  0.1647131E+02  0.4705515E-01
  0.1648156E+02  0.4690340E-01
  0.1649180E+02  0.4675192E-01
  0.1650205E+02  0.4660073E-01
  0.1651229E+02  0.4644980E-01
  0.1652254E+02  0.4629915E-01
  0.1653278E+02  0.4614878E-01
  0.1654303E+02  0.4599867E-01
  0.1655327E+02  0.4584884E-01
  0.1656352E+02  0.4569928E-01
  0.1657376E+02  0.4554999E-01
  0.1658401E+02  0.4540097E-01
  0.1659425E+02  0.4525221E-01
  0.1660450E+02  0.4510373E-01
  0.1661474E+02  0.4495551E-01
  0.1662499E+02  0.4480755E-01
  0.1663523E+02  0.4465986E-01
  0.1664548E+02  0.4451243E-01
  0.1665572E+02  0.4436527E-01
  0.1666597E+02  0.4421836E-01
  0.1667621E+02  0.4407172E-01
  0.1668646E+02  0.4392534E-01
  0.1669670E+02  0.4377922E-01
  0.1670695E+02  0.4363335E-01
  0.1671719E+02  0.4348775E-01
  0.1672744E+02  0.4334240E-01
  0.1673768E+02  0.4319730E-01
  0.1674793E+02  0.4305247E-01
  0.1675817E+02  0.4290788E-01
  0.1676842E+02  0.4276355E-01
  0.1677866E+02  0.4261947E-01
  0.1678891E+02  0.4247564E-01
  0.1679915E+02  0.4233207E-01
  0.1680940E+02  0.4218874E-01
  0.1681964E+02  0.4204566E-01
  0.1682989E+02  0.4190283E-01
  0.1684013E+02  0.4176025E-01
  0.1685037E+02  0.4161791E-01
  0.1686062E+02  0.4147582E-01
  0.1687086E+02  0.4133398E-01
  0.1688111E+02  0.4119238E-01
  0.1689135E+02  0.4105102E-01
  0.1690160E+02  0.4090990E-01
  0.1691184E+02  0.4076903E-01
  0.1692209E+02  0.4062840E-01
  0.1693233E+02  0.4048800E-01
  0.1694258E+02  0.4034785E-01
  0.1695282E+02  0.4020793E-01
  0.1696307E+02  0.4006825E-01
  0.1697331E+02  0.3992881E-01
  0.1698356E+02  0.3978960E-01
  0.1699380E+02  0.3965063E-01
  0.1700405E+02  0.3951189E-01
  0.1701429E+02  0.3937339E-01
  0.1702454E+02  0.3923512E-01
  0.1703478E+02  0.3909708E-01
  0.1704503E+02  0.3895927E-01
  0.1705527E+02  0.3882169E-01
  0.1706552E+02  0.3868434E-01
  0.1707576E+02  0.3854721E-01
  0.1708601E+02  0.3841032E-01
  0.1709625E+02  0.3827365E-01
  0.1710650E+02  0.3813721E-01
  0.1711674E+02  0.3800099E-01
  0.1712699E+02  0.3786500E-01
  0.1713723E+02  0.3772923E-01
  0.1714748E+02  0.3759368E-01
  0.1715772E+02  0.3745836E-01
  0.1716797E+02  0.3732326E-01
  0.1717821E+02  0.3718837E-01
  0.1718846E+02  0.3705371E-01
  0.1719870E+02  0.3691926E-01
  0.1720895E+02  0.3678504E-01
  0.1721919E+02  0.3665103E-01
  0.1722944E+02  0.3651723E-01
  0.1723968E+02  0.3638366E-01
  0.1724993E+02  0.3625029E-01
  0.1726017E+02  0.3611714E-01
  0.1727041E+02  0.3598421E-01
  0.1728066E+02  0.3585148E-01
  0.1729090E+02  0.3571897E-01
  0.1730115E+02  0.3558667E-01
  0.1731139E+02  0.3545458E-01
  0.1732164E+02  0.3532270E-01
  0.1733188E+02  0.3519103E-01
  0.1734213E+02  0.3505956E-01
  0.1735237E+02  0.3492830E-01
  0.1736262E+02  0.3479725E-01
  0.1737286E+02  0.3466640E-01
  0.1738311E+02  0.3453576E-01
  0.1739335E+02  0.3440532E-01
  0.1740360E+02  0.3427509E-01
  0.1741384E+02  0.3414505E-01
  0.1742409E+02  0.3401522E-01
  0.1743433E+02  0.3388559E-01
  0.1744458E+02  0.3375616E-01
  0.1745482E+02  0.3362693E-01
  0.1746507E+02  0.3349790E-01
  0.1747531E+02  0.3336906E-01
  0.1748556E+02  0.3324043E-01
  0.1749580E+02  0.3311198E-01
  0.1750605E+02  0.3298374E-01
  0.1751629E+02  0.3285569E-01
  0.1752654E+02  0.3272783E-01
  0.1753678E+02  0.3260016E-01
  0.1754703E+02  0.3247269E-01
  0.1755727E+02  0.3234541E-01
  0.1756752E+02  0.3221832E-01
  0.1757776E+02  0.3209142E-01
  0.1758801E+02  0.3196471E-01
  0.1759825E+02  0.3183819E-01
  0.1760850E+02  0.3171186E-01
  0.1761874E+02  0.3158571E-01
  0.1762899E+02  0.3145975E-01
  0.1763923E+02  0.3133398E-01
  0.1764948E+02  0.3120839E-01
  0.1765972E+02  0.3108299E-01
  0.1766997E+02  0.3095777E-01
  0.1768021E+02  0.3083273E-01
  0.1769045E+02  0.3070787E-01
  0.1770070E+02  0.3058320E-01
  0.1771094E+02  0.3045870E-01
  0.1772119E+02  0.3033439E-01
  0.1773143E+02  0.3021025E-01
  0.1774168E+02  0.3008629E-01
  0.1775192E+02  0.2996251E-01
  0.1776217E+02  0.2983891E-01
  0.1777241E+02  0.2971548E-01
  0.1778266E+02  0.2959223E-01
  0.1779290E+02  0.2946916E-01
  0.1780315E+02  0.2934625E-01
  0.1781339E+02  0.2922352E-01
  0.1782364E+02  0.2910097E-01
  0.1783388E+02  0.2897858E-01
  0.1784413E+02  0.2885637E-01
  0.1785437E+02  0.2873432E-01
  0.1786462E+02  0.2861245E-01
  0.1787486E+02  0.2849074E-01
  0.1788511E+02  0.2836921E-01
  0.1789535E+02  0.2824784E-01
  0.1790560E+02  0.2812664E-01
  0.1791584E+02  0.2800560E-01
  0.1792609E+02  0.2788473E-01
  0.1793633E+02  0.2776402E-01
  0.1794658E+02  0.2764348E-01
  0.1795682E+02  0.2752310E-01
  0.1796707E+02  0.2740288E-01
  0.1797731E+02  0.2728283E-01
  0.1798756E+02  0.2716293E-01
  0.1799780E+02  0.2704320E-01
  0.1800805E+02  0.2692362E-01
  0.1801829E+02  0.2680421E-01
  0.1802854E+02  0.2668495E-01
  0.1803878E+02  0.2656585E-01
  0.1804903E+02  0.2644691E-01
  0.1805927E+02  0.2632812E-01
  0.1806952E+02  0.2620949E-01
  0.1807976E+02  0.2609101E-01
  0.1809000E+02  0.2597269E-01
  0.1810025E+02  0.2585452E-01
  0.1811049E+02  0.2573650E-01
  0.1812074E+02  0.2561864E-01
  0.1813098E+02  0.2550092E-01
  0.1814123E+02  0.2538336E-01
  0.1815147E+02  0.2526595E-01
  0.1816172E+02  0.2514868E-01
  0.1817196E+02  0.2503157E-01
  0.1818221E+02  0.2491460E-01
  0.1819245E+02  0.2479778E-01
  0.1820270E+02  0.2468110E-01
  0.1821294E+02  0.2456458E-01
  0.1822319E+02  0.2444819E-01
  0.1823343E+02  0.2433195E-01
  0.1824368E+02  0.2421586E-01
  0.1825392E+02  0.2409990E-01
  0.1826417E+02  0.2398409E-01
  0.1827441E+02  0.2386843E-01
  0.1828466E+02  0.2375290E-01
  0.1829490E+02  0.2363751E-01
  0.1830515E+02  0.2352226E-01
  0.1831539E+02  0.2340715E-01
  0.1832564E+02  0.2329218E-01
  0.1833588E+02  0.2317735E-01
  0.1834613E+02  0.2306265E-01
  0.1835637E+02  0.2294809E-01
  0.1836662E+02  0.2283366E-01
  0.1837686E+02  0.2271937E-01
  0.1838711E+02  0.2260522E-01
  0.1839735E+02  0.2249119E-01
  0.1840760E+02  0.2237730E-01
  0.1841784E+02  0.2226354E-01
  0.1842809E+02  0.2214992E-01
  0.1843833E+02  0.2203642E-01
  0.1844858E+02  0.2192306E-01
  0.1845882E+02  0.2180982E-01
  0.1846907E+02  0.2169671E-01
  0.1847931E+02  0.2158373E-01
  0.1848956E+02  0.2147088E-01
  0.1849980E+02  0.2135815E-01
  0.1851004E+02  0.2124556E-01
  0.1852029E+02  0.2113308E-01
  0.1853053E+02  0.2102073E-01
  0.1854078E+02  0.2090851E-01
  0.1855102E+02  0.2079641E-01
  0.1856127E+02  0.2068443E-01
  0.1857151E+02  0.2057257E-01
  0.1858176E+02  0.2046083E-01
  0.1859200E+02  0.2034922E-01
  0.1860225E+02  0.2023772E-01
  0.1861249E+02  0.2012635E-01
  0.1862274E+02  0.2001509E-01
  0.1863298E+02  0.1990396E-01
  0.1864323E+02  0.1979293E-01
  0.1865347E+02  0.1968203E-01
  0.1866372E+02  0.1957124E-01
  0.1867396E+02  0.1946057E-01
  0.1868421E+02  0.1935001E-01
  0.1869445E+02  0.1923957E-01
  0.1870470E+02  0.1912924E-01
  0.1871494E+02  0.1901903E-01
  0.1872519E+02  0.1890892E-01
  0.1873543E+02  0.1879893E-01
  0.1874568E+02  0.1868905E-01
  0.1875592E+02  0.1857928E-01
  0.1876617E+02  0.1846961E-01
  0.1877641E+02  0.1836006E-01
  0.1878666E+02  0.1825062E-01
  0.1879690E+02  0.1814128E-01
  0.1880715E+02  0.1803205E-01
  0.1881739E+02  0.1792293E-01
  0.1882764E+02  0.1781391E-01
  0.1883788E+02  0.1770500E-01
  0.1884813E+02  0.1759619E-01
  0.1885837E+02  0.1748749E-01
  0.1886862E+02  0.1737889E-01
  0.1887886E+02  0.1727039E-01
  0.1888911E+02  0.1716199E-01
  0.1889935E+02  0.1705370E-01
  0.1890960E+02  0.1694551E-01
  0.1891984E+02  0.1683741E-01
  0.1893008E+02  0.1672942E-01
  0.1894033E+02  0.1662152E-01
  0.1895057E+02  0.1651373E-01
  0.1896082E+02  0.1640603E-01
  0.1897106E+02  0.1629842E-01
  0.1898131E+02  0.1619091E-01
  0.1899155E+02  0.1608350E-01
  0.1900180E+02  0.1597619E-01
  0.1901204E+02  0.1586896E-01
  0.1902229E+02  0.1576184E-01
  0.1903253E+02  0.1565480E-01
  0.1904278E+02  0.1554786E-01
  0.1905302E+02  0.1544101E-01
  0.1906327E+02  0.1533425E-01
  0.1907351E+02  0.1522758E-01
  0.1908376E+02  0.1512100E-01
  0.1909400E+02  0.1501451E-01
  0.1910425E+02  0.1490811E-01
  0.1911449E+02  0.1480179E-01
  0.1912474E+02  0.1469557E-01
  0.1913498E+02  0.1458943E-01
  0.1914523E+02  0.1448337E-01
  0.1915547E+02  0.1437740E-01
  0.1916572E+02  0.1427152E-01
  0.1917596E+02  0.1416572E-01
  0.1918621E+02  0.1406001E-01
  0.1919645E+02  0.1395437E-01
  0.1920670E+02  0.1384882E-01
  0.1921694E+02  0.1374336E-01
  0.1922719E+02  0.1363797E-01
  0.1923743E+02  0.1353266E-01
  0.1924768E+02  0.1342744E-01
  0.1925792E+02  0.1332229E-01
  0.1926817E+02  0.1321722E-01
  0.1927841E+02  0.1311223E-01
  0.1928866E+02  0.1300732E-01
  0.1929890E+02  0.1290248E-01
  0.1930915E+02  0.1279772E-01
  0.1931939E+02  0.1269303E-01
  0.1932964E+02  0.1258842E-01
  0.1933988E+02  0.1248389E-01
  0.1935012E+02  0.1237943E-01
  0.1936037E+02  0.1227504E-01
  0.1937061E+02  0.1217072E-01
  0.1938086E+02  0.1206648E-01
  0.1939110E+02  0.1196230E-01
  0.1940135E+02  0.1185820E-01
  0.1941159E+02  0.1175417E-01
  0.1942184E+02  0.1165021E-01
  0.1943208E+02  0.1154631E-01
  0.1944233E+02  0.1144248E-01
  0.1945257E+02  0.1133873E-01
  0.1946282E+02  0.1123503E-01
  0.1947306E+02  0.1113141E-01
  0.1948331E+02  0.1102785E-01
  0.1949355E+02  0.1092435E-01
  0.1950380E+02  0.1082092E-01
  0.1951404E+02  0.1071756E-01
  0.1952429E+02  0.1061425E-01
  0.1953453E+02  0.1051101E-01
  0.1954478E+02  0.1040783E-01
  0.1955502E+02  0.1030472E-01
  0.1956527E+02  0.1020166E-01
  0.1957551E+02  0.1009867E-01
  0.1958576E+02  0.9995730E-02
  0.1959600E+02  0.9892852E-02
  0.1960625E+02  0.9790033E-02
  0.1961649E+02  0.9687272E-02
  0.1962674E+02  0.9584568E-02
  0.1963698E+02  0.9481921E-02
  0.1964723E+02  0.9379330E-02
  0.1965747E+02  0.9276794E-02
  0.1966772E+02  0.9174313E-02
  0.1967796E+02  0.9071885E-02
  0.1968821E+02  0.8969512E-02
  0.1969845E+02  0.8867191E-02
  0.1970870E+02  0.8764923E-02
  0.1971894E+02  0.8662707E-02
  0.1972919E+02  0.8560541E-02
  0.1973943E+02  0.8458426E-02
  0.1974968E+02  0.8356362E-02
  0.1975992E+02  0.8254346E-02
  0.1977016E+02  0.8152379E-02
  0.1978041E+02  0.8050460E-02
  0.1979065E+02  0.7948589E-02
  0.1980090E+02  0.7846765E-02
  0.1981114E+02  0.7744987E-02
  0.1982139E+02  0.7643255E-02
  0.1983163E+02  0.7541568E-02
  0.1984188E+02  0.7439925E-02
  0.1985212E+02  0.7338326E-02
  0.1986237E+02  0.7236771E-02
  0.1987261E+02  0.7135259E-02
  0.1988286E+02  0.7033788E-02
  0.1989310E+02  0.6932359E-02
  0.1990335E+02  0.6830971E-02
  0.1991359E+02  0.6729623E-02
  0.1992384E+02  0.6628315E-02
  0.1993408E+02  0.6527046E-02
  0.1994433E+02  0.6425816E-02
  0.1995457E+02  0.6324624E-02
  0.1996482E+02  0.6223468E-02
  0.1997506E+02  0.6122350E-02
  0.1998531E+02  0.6021268E-02
  0.1999555E+02  0.5920221E-02
  0.2000580E+02  0.5819209E-02
  0.2001604E+02  0.5718232E-02
  0.2002629E+02  0.5617288E-02
  0.2003653E+02  0.5516378E-02
  0.2004678E+02  0.5415500E-02
  0.2005702E+02  0.5314654E-02
  0.2006727E+02  0.5213840E-02
  0.2007751E+02  0.5113056E-02
  0.2008776E+02  0.5012302E-02
  0.2009800E+02  0.4911578E-02
  0.2010825E+02  0.4810883E-02
  0.2011849E+02  0.4710217E-02
  0.2012874E+02  0.4609578E-02
  0.2013898E+02  0.4508966E-02
  0.2014923E+02  0.4408381E-02
  0.2015947E+02  0.4307822E-02
  0.2016972E+02  0.4207289E-02
  0.2017996E+02  0.4106780E-02
  0.2019020E+02  0.4006296E-02
  0.2020045E+02  0.3905835E-02
  0.2021069E+02  0.3805397E-02
  0.2022094E+02  0.3704982E-02
  0.2023118E+02  0.3604588E-02
  0.2024143E+02  0.3504216E-02
  0.2025167E+02  0.3403865E-02
  0.2026192E+02  0.3303534E-02
  0.2027216E+02  0.3203222E-02
  0.2028241E+02  0.3102929E-02
  0.2029265E+02  0.3002654E-02
  0.2030290E+02  0.2902397E-02
  0.2031314E+02  0.2802157E-02
  0.2032339E+02  0.2701934E-02
  0.2033363E+02  0.2601727E-02
  0.2034388E+02  0.2501535E-02
  0.2035412E+02  0.2401358E-02
  0.2036437E+02  0.2301195E-02
  0.2037461E+02  0.2201046E-02
  0.2038486E+02  0.2100909E-02
  0.2039510E+02  0.2000785E-02
  0.2040535E+02  0.1900673E-02
  0.2041559E+02  0.1800572E-02
  0.2042584E+02  0.1700482E-02
  0.2043608E+02  0.1600401E-02
  0.2044633E+02  0.1500331E-02
  0.2045657E+02  0.1400269E-02
  0.2046682E+02  0.1300215E-02
  0.2047706E+02  0.1200169E-02
  0.2048731E+02  0.1100130E-02
  0.2049755E+02  0.1000097E-02
  0.2050780E+02  0.9000708E-03
  0.2051804E+02  0.8000496E-03
  0.2052829E+02  0.7000331E-03
  0.2053853E+02  0.6000207E-03
  0.2054878E+02  0.5000118E-03
  0.2055902E+02  0.4000059E-03
  0.2056927E+02  0.3000024E-03
  0.2057951E+02  0.2000006E-03
  0.2058976E+02  0.1000000E-03
  0.2060000E+02  0.0000000E+00
