  0.1000000E+00 -0.0000000E+00
  0.1198675E+00 -0.4875189E-06
  0.1397351E+00 -0.1675137E-05
  0.1596026E+00 -0.5063851E-05
  0.1794702E+00 -0.1452846E-04
  0.1993377E+00 -0.3987573E-04
  0.2192053E+00 -0.1048438E-03
  0.2390728E+00 -0.2642367E-03
  0.2589404E+00 -0.6386860E-03
  0.2788079E+00 -0.1481290E-02
  0.2986755E+00 -0.3298036E-02
  0.3185430E+00 -0.7052223E-02
  0.3384106E+00 -0.1448876E-01
  0.3582781E+00 -0.2861097E-01
  0.3781457E+00 -0.5432158E-01
  0.3980132E+00 -0.9919019E-01
  0.4178808E+00 -0.1742249E+00
  0.4377483E+00 -0.2944088E+00
  0.4576159E+00 -0.4786307E+00
  0.4774834E+00 -0.7485436E+00
  0.4973510E+00 -0.1125877E+01
  0.5172185E+00 -0.1627899E+01
  0.5370861E+00 -0.2261112E+01
  0.5569536E+00 -0.3013855E+01
  0.5768212E+00 -0.3849243E+01
  0.5966887E+00 -0.4700473E+01
  0.6165563E+00 -0.5470913E+01
  0.6364238E+00 -0.6041018E+01
  0.6562914E+00 -0.6283121E+01
  0.6761589E+00 -0.6083305E+01
  0.6960265E+00 -0.5367282E+01
  0.7158940E+00 -0.4125716E+01
  0.7357616E+00 -0.2431749E+01
  0.7556291E+00 -0.4456188E+00
  0.7754967E+00  0.1598207E+01
  0.7953642E+00  0.3421934E+01
  0.8152318E+00  0.4749657E+01
  0.8350993E+00  0.5359036E+01
  0.8549669E+00  0.5128876E+01
  0.8748344E+00  0.4071615E+01
  0.8947020E+00  0.2342078E+01
  0.9145695E+00  0.2184576E+00
  0.9344371E+00 -0.1942467E+01
  0.9543046E+00 -0.3768005E+01
  0.9741722E+00 -0.4937902E+01
  0.9940397E+00 -0.5244506E+01
  0.1013907E+01 -0.4632356E+01
  0.1033775E+01 -0.3209077E+01
  0.1053642E+01 -0.1225441E+01
  0.1073510E+01  0.9711289E+00
  0.1093377E+01  0.3000113E+01
  0.1113245E+01  0.4515881E+01
  0.1133113E+01  0.5267203E+01
  0.1152980E+01  0.5137661E+01
  0.1172848E+01  0.4160623E+01
  0.1192715E+01  0.2507622E+01
  0.1212583E+01  0.4539408E+00
  0.1232450E+01 -0.1670977E+01
  0.1252318E+01 -0.3538697E+01
  0.1272185E+01 -0.4872877E+01
  0.1292053E+01 -0.5488289E+01
  0.1311921E+01 -0.5312693E+01
  0.1331788E+01 -0.4389840E+01
  0.1351656E+01 -0.2865133E+01
  0.1371523E+01 -0.9579899E+00
  0.1391391E+01  0.1073497E+01
  0.1411258E+01  0.2969652E+01
  0.1431126E+01  0.4502631E+01
  0.1450993E+01  0.5502073E+01
  0.1470861E+01  0.5870587E+01
  0.1490728E+01  0.5588456E+01
  0.1510596E+01  0.4708451E+01
  0.1530464E+01  0.3342847E+01
  0.1550331E+01  0.1645341E+01
  0.1570199E+01 -0.2092128E+00
  0.1590066E+01 -0.2044597E+01
  0.1609934E+01 -0.3700422E+01
  0.1629801E+01 -0.5045266E+01
  0.1649669E+01 -0.5985060E+01
  0.1669536E+01 -0.6466658E+01
  0.1689404E+01 -0.6477073E+01
  0.1709272E+01 -0.6039241E+01
  0.1729139E+01 -0.5205320E+01
  0.1749007E+01 -0.4048635E+01
  0.1768874E+01 -0.2655228E+01
  0.1788742E+01 -0.1115844E+01
  0.1808609E+01  0.4810413E+00
  0.1828477E+01  0.2054773E+01
  0.1848344E+01  0.3536490E+01
  0.1868212E+01  0.4871514E+01
  0.1888079E+01  0.6020305E+01
  0.1907947E+01  0.6958205E+01
  0.1927815E+01  0.7674263E+01
  0.1947682E+01  0.8169402E+01
  0.1967550E+01  0.8454222E+01
  0.1987417E+01  0.8546665E+01
  0.2007285E+01  0.8469723E+01
  0.2027152E+01  0.8249340E+01
  0.2047020E+01  0.7912592E+01
  0.2066887E+01  0.7486199E+01
  0.2086755E+01  0.6995382E+01
  0.2106623E+01  0.6463049E+01
  0.2126490E+01  0.5909283E+01
  0.2146358E+01  0.5351083E+01
  0.2166225E+01  0.4802324E+01
  0.2186093E+01  0.4273866E+01
  0.2205960E+01  0.3773786E+01
  0.2225828E+01  0.3307675E+01
  0.2245695E+01  0.2878986E+01
  0.2265563E+01  0.2489382E+01
  0.2285430E+01  0.2139088E+01
  0.2305298E+01  0.1827204E+01
  0.2325166E+01  0.1552003E+01
  0.2345033E+01  0.1311174E+01
  0.2364901E+01  0.1102040E+01
  0.2384768E+01  0.9217295E+00
  0.2404636E+01  0.7673103E+00
  0.2424503E+01  0.6358966E+00
  0.2444371E+01  0.5247240E+00
  0.2464238E+01  0.4312017E+00
  0.2484106E+01  0.3529447E+00
  0.2503974E+01  0.2877909E+00
  0.2523841E+01  0.2338059E+00
  0.2543709E+01  0.1892789E+00
  0.2563576E+01  0.1527124E+00
  0.2583444E+01  0.1228079E+00
  0.2603311E+01  0.9844863E-01
  0.2623179E+01  0.7868160E-01
  0.2643046E+01  0.6269943E-01
  0.2662914E+01  0.4982246E-01
  0.2682781E+01  0.3948207E-01
  0.2702649E+01  0.3120525E-01
  0.2722517E+01  0.2460062E-01
  0.2742384E+01  0.1934593E-01
  0.2762252E+01  0.1517716E-01
  0.2782119E+01  0.1187889E-01
  0.2801987E+01  0.9276155E-02
  0.2821854E+01  0.7227366E-02
  0.2841722E+01  0.5618389E-02
  0.2861589E+01  0.4357537E-02
  0.2881457E+01  0.3371392E-02
  0.2901325E+01  0.2601338E-02
  0.2921192E+01  0.2000689E-02
  0.2941060E+01  0.1532330E-02
  0.2960927E+01  0.1166788E-02
  0.2980795E+01  0.8806448E-03
  0.3000662E+01  0.6552446E-03
  0.3020530E+01  0.4756319E-03
  0.3040397E+01  0.3296743E-03
  0.3060265E+01  0.2073266E-03
  0.3080132E+01  0.1000000E-03
  0.3100000E+01  0.0000000E+00
