  0.1000000E+00  0.0000000E+00
  0.1149254E+00  0.5009433E-07
  0.1298507E+00  0.1411967E-06
  0.1447761E+00  0.3403930E-06
  0.1597015E+00  0.7830057E-06
  0.1746269E+00  0.1747995E-05
  0.1895522E+00  0.3799473E-05
  0.2044776E+00  0.8048024E-05
  0.2194030E+00  0.1661938E-04
  0.2343284E+00  0.3346839E-04
  0.2492537E+00  0.6574639E-04
  0.2641791E+00  0.1260210E-03
  0.2791045E+00  0.2357541E-03
  0.2940299E+00  0.4305534E-03
  0.3089552E+00  0.7677973E-03
  0.3238806E+00  0.1337247E-02
  0.3388060E+00  0.2275144E-02
  0.3537313E+00  0.3781957E-02
  0.3686567E+00  0.6143339E-02
  0.3835821E+00  0.9752858E-02
  0.3985075E+00  0.1513376E-01
  0.4134328E+00  0.2295536E-01
  0.4283582E+00  0.3403799E-01
  0.4432836E+00  0.4933884E-01
  0.4582090E+00  0.6991039E-01
  0.4731343E+00  0.9682362E-01
  0.4880597E+00  0.1310504E+00
  0.5029851E+00  0.1733045E+00
  0.5179104E+00  0.2238468E+00
  0.5328358E+00  0.2822700E+00
  0.5477612E+00  0.3472883E+00
  0.5626866E+00  0.4165634E+00
  0.5776119E+00  0.4866105E+00
  0.5925373E+00  0.5528214E+00
  0.6074627E+00  0.6096428E+00
  0.6223881E+00  0.6509302E+00
  0.6373134E+00  0.6704758E+00
  0.6522388E+00  0.6626832E+00
  0.6671642E+00  0.6233227E+00
  0.6820896E+00  0.5503120E+00
  0.6970149E+00  0.4443525E+00
  0.7119403E+00  0.3093704E+00
  0.7268657E+00  0.1526298E+00
  0.7417910E+00 -0.1554974E-01
  0.7567164E+00 -0.1824981E+00
  0.7716418E+00 -0.3342905E+00
  0.7865672E+00 -0.4571425E+00
  0.8014925E+00 -0.5389562E+00
  0.8164179E+00 -0.5708295E+00
  0.8313433E+00 -0.5483264E+00
  0.8462687E+00 -0.4723187E+00
  0.8611940E+00 -0.3492514E+00
  0.8761194E+00 -0.1907546E+00
  0.8910448E+00 -0.1260668E-01
  0.9059701E+00  0.1668570E+00
  0.9208955E+00  0.3287153E+00
  0.9358209E+00  0.4555799E+00
  0.9507463E+00  0.5336004E+00
  0.9656716E+00  0.5541018E+00
  0.9805970E+00  0.5146442E+00
  0.9955224E+00  0.4193641E+00
  0.1010448E+01  0.2785496E+00
  0.1025373E+01  0.1074977E+00
  0.1040299E+01 -0.7520667E-01
  0.1055224E+01 -0.2497798E+00
  0.1070149E+01 -0.3974453E+00
  0.1085075E+01 -0.5024946E+00
  0.1100000E+01 -0.5539651E+00
  0.1114925E+01 -0.5467532E+00
  0.1129851E+01 -0.4820499E+00
  0.1144776E+01 -0.3670746E+00
  0.1159701E+01 -0.2141622E+00
  0.1174627E+01 -0.3933236E-01
  0.1189552E+01  0.1394806E+00
  0.1204478E+01  0.3043271E+00
  0.1219403E+01  0.4390630E+00
  0.1234328E+01  0.5309028E+00
  0.1249254E+01  0.5715583E+00
  0.1264179E+01  0.5578717E+00
  0.1279104E+01  0.4919100E+00
  0.1294030E+01  0.3805471E+00
  0.1308955E+01  0.2346098E+00
  0.1323881E+01  0.6770220E-01
  0.1338806E+01 -0.1051554E+00
  0.1353731E+01 -0.2689314E+00
  0.1368657E+01 -0.4098959E+00
  0.1383582E+01 -0.5167318E+00
  0.1398507E+01 -0.5813584E+00
  0.1413433E+01 -0.5994214E+00
  0.1428358E+01 -0.5704342E+00
  0.1443284E+01 -0.4975913E+00
  0.1458209E+01 -0.3872988E+00
  0.1473134E+01 -0.2484866E+00
  0.1488060E+01 -0.9178142E-01
  0.1502985E+01  0.7138308E-01
  0.1517910E+01  0.2296404E+00
  0.1532836E+01  0.3724859E+00
  0.1547761E+01  0.4909402E+00
  0.1562687E+01  0.5780452E+00
  0.1577612E+01  0.6291770E+00
  0.1592537E+01  0.6421709E+00
  0.1607463E+01  0.6172740E+00
  0.1622388E+01  0.5569452E+00
  0.1637313E+01  0.4655360E+00
  0.1652239E+01  0.3488860E+00
  0.1667164E+01  0.2138698E+00
  0.1682090E+01  0.6792990E-01
  0.1697015E+01 -0.8137400E-01
  0.1711940E+01 -0.2267737E+00
  0.1726866E+01 -0.3616400E+00
  0.1741791E+01 -0.4802574E+00
  0.1756716E+01 -0.5780184E+00
  0.1771642E+01 -0.6515389E+00
  0.1786567E+01 -0.6986970E+00
  0.1801493E+01 -0.7186053E+00
  0.1816418E+01 -0.7115265E+00
  0.1831343E+01 -0.6787443E+00
  0.1846269E+01 -0.6224035E+00
  0.1861194E+01 -0.5453304E+00
  0.1876119E+01 -0.4508466E+00
  0.1891045E+01 -0.3425849E+00
  0.1905970E+01 -0.2243165E+00
  0.1920896E+01 -0.9979507E-01
  0.1935821E+01  0.2737672E-01
  0.1950746E+01  0.1538570E+00
  0.1965672E+01  0.2766488E+00
  0.1980597E+01  0.3931585E+00
  0.1995522E+01  0.5012321E+00
  0.2010448E+01  0.5991685E+00
  0.2025373E+01  0.6857154E+00
  0.2040299E+01  0.7600501E+00
  0.2055224E+01  0.8217469E+00
  0.2070149E+01  0.8707375E+00
  0.2085075E+01  0.9072643E+00
  0.2100000E+01  0.9318309E+00
  0.2114925E+01  0.9451523E+00
  0.2129851E+01  0.9481057E+00
  0.2144776E+01  0.9416840E+00
  0.2159701E+01  0.9269538E+00
  0.2174627E+01  0.9050170E+00
  0.2189552E+01  0.8769788E+00
  0.2204478E+01  0.8439194E+00
  0.2219403E+01  0.8068722E+00
  0.2234328E+01  0.7668067E+00
  0.2249254E+01  0.7246155E+00
  0.2264179E+01  0.6811063E+00
  0.2279104E+01  0.6369967E+00
  0.2294030E+01  0.5929132E+00
  0.2308955E+01  0.5493918E+00
  0.2323881E+01  0.5068814E+00
  0.2338806E+01  0.4657484E+00
  0.2353731E+01  0.4262830E+00
  0.2368657E+01  0.3887052E+00
  0.2383582E+01  0.3531729E+00
  0.2398507E+01  0.3197884E+00
  0.2413433E+01  0.2886063E+00
  0.2428358E+01  0.2596405E+00
  0.2443284E+01  0.2328705E+00
  0.2458209E+01  0.2082479E+00
  0.2473134E+01  0.1857022E+00
  0.2488060E+01  0.1651455E+00
  0.2502985E+01  0.1464775E+00
  0.2517910E+01  0.1295891E+00
  0.2532836E+01  0.1143656E+00
  0.2547761E+01  0.1006902E+00
  0.2562687E+01  0.8844566E-01
  0.2577612E+01  0.7751668E-01
  0.2592537E+01  0.6779115E-01
  0.2607463E+01  0.5916143E-01
  0.2622388E+01  0.5152517E-01
  0.2637313E+01  0.4478589E-01
  0.2652239E+01  0.3885339E-01
  0.2667164E+01  0.3364387E-01
  0.2682090E+01  0.2908003E-01
  0.2697015E+01  0.2509093E-01
  0.2711940E+01  0.2161183E-01
  0.2726866E+01  0.1858394E-01
  0.2741791E+01  0.1595410E-01
  0.2756716E+01  0.1367447E-01
  0.2771642E+01  0.1170214E-01
  0.2786567E+01  0.9998765E-02
  0.2801493E+01  0.8530231E-02
  0.2816418E+01  0.7266246E-02
  0.2831343E+01  0.6180016E-02
  0.2846269E+01  0.5247900E-02
  0.2861194E+01  0.4449098E-02
  0.2876119E+01  0.3765349E-02
  0.2891045E+01  0.3180660E-02
  0.2905970E+01  0.2681046E-02
  0.2920896E+01  0.2254301E-02
  0.2935821E+01  0.1889780E-02
  0.2950746E+01  0.1578206E-02
  0.2965672E+01  0.1311491E-02
  0.2980597E+01  0.1082579E-02
  0.2995522E+01  0.8852943E-03
  0.3010448E+01  0.7142143E-03
  0.3025373E+01  0.5645441E-03
  0.3040299E+01  0.4320055E-03
  0.3055224E+01  0.3127331E-03
  0.3070149E+01  0.2031754E-03
  0.3085075E+01  0.1000000E-03
  0.3100000E+01  0.0000000E+00
