  0.1000000E+00  0.0000000E+00
  0.1490196E+00  0.3396622E-04
  0.1980392E+00  0.3507079E-03
  0.2470588E+00  0.3032537E-02
  0.2960784E+00  0.2211787E-01
  0.3450980E+00  0.1360220E+00
  0.3941176E+00  0.7052324E+00
  0.4431373E+00  0.3082830E+01
  0.4921569E+00  0.1136531E+02
  0.5411765E+00  0.3534786E+02
  0.5901961E+00  0.9275046E+02
  0.6392157E+00  0.2051628E+03
  0.6882353E+00  0.3815440E+03
  0.7372549E+00  0.5925585E+03
  0.7862745E+00  0.7565980E+03
  0.8352941E+00  0.7645115E+03
  0.8843137E+00  0.5450992E+03
  0.9333333E+00  0.1303366E+03
  0.9823529E+00 -0.3357666E+03
  0.1031373E+01 -0.6645770E+03
  0.1080392E+01 -0.7230063E+03
  0.1129412E+01 -0.4987851E+03
  0.1178431E+01 -0.9307203E+02
  0.1227451E+01  0.3431623E+03
  0.1276471E+01  0.6815704E+03
  0.1325490E+01  0.8584908E+03
  0.1374510E+01  0.8766765E+03
  0.1423529E+01  0.7807826E+03
  0.1472549E+01  0.6274341E+03
  0.1521569E+01  0.4639971E+03
  0.1570588E+01  0.3199230E+03
  0.1619608E+01  0.2076174E+03
  0.1668627E+01  0.1277396E+03
  0.1717647E+01  0.7494833E+02
  0.1766667E+01  0.4213753E+02
  0.1815686E+01  0.2279408E+02
  0.1864706E+01  0.1190561E+02
  0.1913725E+01  0.6022752E+01
  0.1962745E+01  0.2958915E+01
  0.2011765E+01  0.1415190E+01
  0.2060784E+01  0.6603646E+00
  0.2109804E+01  0.3012226E+00
  0.2158824E+01  0.1345531E+00
  0.2207843E+01  0.5895204E-01
  0.2256863E+01  0.2537100E-01
  0.2305882E+01  0.1073953E-01
  0.2354902E+01  0.4476558E-02
  0.2403922E+01  0.1838796E-02
  0.2452941E+01  0.7433214E-03
  0.2501961E+01  0.2916186E-03
  0.2550980E+01  0.1000000E-03
  0.2600000E+01  0.0000000E+00
