  0.1000000E+00  0.0000000E+00
  0.1247525E+00  0.5496000E-08
  0.1495050E+00  0.2313983E-07
  0.1742574E+00  0.8660044E-07
  0.1990099E+00  0.3031942E-06
  0.2237624E+00  0.9969496E-06
  0.2485149E+00  0.3081722E-05
  0.2732673E+00  0.8961869E-05
  0.2980198E+00  0.2453525E-04
  0.3227723E+00  0.6327866E-04
  0.3475248E+00  0.1538400E-03
  0.3722772E+00  0.3527532E-03
  0.3970297E+00  0.7632616E-03
  0.4217822E+00  0.1558987E-02
  0.4465347E+00  0.3006667E-02
  0.4712871E+00  0.5475608E-02
  0.4960396E+00  0.9414821E-02
  0.5207921E+00  0.1527627E-01
  0.5455446E+00  0.2336983E-01
  0.5702970E+00  0.3365690E-01
  0.5950495E+00  0.4552428E-01
  0.6198020E+00  0.5761814E-01
  0.6445545E+00  0.6784146E-01
  0.6693069E+00  0.7360585E-01
  0.6940594E+00  0.7236703E-01
  0.7188119E+00  0.6234895E-01
  0.7435644E+00  0.4337276E-01
  0.7683168E+00  0.1731180E-01
  0.7930693E+00 -0.1187026E-01
  0.8178218E+00 -0.3874081E-01
  0.8425743E+00 -0.5759629E-01
  0.8673267E+00 -0.6395566E-01
  0.8920792E+00 -0.5591702E-01
  0.9168317E+00 -0.3493063E-01
  0.9415842E+00 -0.5686653E-02
  0.9663366E+00  0.2492104E-01
  0.9910891E+00  0.4949990E-01
  0.1015842E+01  0.6205792E-01
  0.1040594E+01  0.5955403E-01
  0.1065347E+01  0.4266141E-01
  0.1090099E+01  0.1554521E-01
  0.1114851E+01 -0.1525374E-01
  0.1139604E+01 -0.4249132E-01
  0.1164356E+01 -0.5998018E-01
  0.1189109E+01 -0.6398347E-01
  0.1213861E+01 -0.5392596E-01
  0.1238614E+01 -0.3231453E-01
  0.1263366E+01 -0.3969281E-02
  0.1288119E+01  0.2517853E-01
  0.1312871E+01  0.4939826E-01
  0.1337624E+01  0.6428045E-01
  0.1362376E+01  0.6745521E-01
  0.1387129E+01  0.5882028E-01
  0.1411881E+01  0.4031000E-01
  0.1436634E+01  0.1532572E-01
  0.1461386E+01 -0.1200718E-01
  0.1486139E+01 -0.3758897E-01
  0.1510891E+01 -0.5796835E-01
  0.1535644E+01 -0.7075635E-01
  0.1560396E+01 -0.7480445E-01
  0.1585149E+01 -0.7016701E-01
  0.1609901E+01 -0.5789979E-01
  0.1634653E+01 -0.3976052E-01
  0.1659406E+01 -0.1787738E-01
  0.1684158E+01  0.5560674E-02
  0.1708911E+01  0.2855457E-01
  0.1733663E+01  0.4946781E-01
  0.1758416E+01  0.6711854E-01
  0.1783168E+01  0.8079971E-01
  0.1807921E+01  0.9024362E-01
  0.1832673E+01  0.9554957E-01
  0.1857426E+01  0.9709259E-01
  0.1882178E+01  0.9542858E-01
  0.1906931E+01  0.9120693E-01
  0.1931683E+01  0.8509753E-01
  0.1956436E+01  0.7773557E-01
  0.1981188E+01  0.6968426E-01
  0.2005941E+01  0.6141381E-01
  0.2030693E+01  0.5329385E-01
  0.2055446E+01  0.4559581E-01
  0.2080198E+01  0.3850219E-01
  0.2104950E+01  0.3211959E-01
  0.2129703E+01  0.2649346E-01
  0.2154455E+01  0.2162267E-01
  0.2179208E+01  0.1747288E-01
  0.2203960E+01  0.1398804E-01
  0.2228713E+01  0.1109971E-01
  0.2253465E+01  0.8734338E-02
  0.2278218E+01  0.6818474E-02
  0.2302970E+01  0.5282389E-02
  0.2327723E+01  0.4062285E-02
  0.2352475E+01  0.3101454E-02
  0.2377228E+01  0.2350654E-02
  0.2401980E+01  0.1767943E-02
  0.2426733E+01  0.1318159E-02
  0.2451485E+01  0.9721997E-03
  0.2476238E+01  0.7061921E-03
  0.2500990E+01  0.5006433E-03
  0.2525743E+01  0.3395961E-03
  0.2550495E+01  0.2098153E-03
  0.2575248E+01  0.1000000E-03
  0.2600000E+01  0.0000000E+00
